-0.000000000 -12.481261944
0.008000000 -12.903406412
0.016000000 -13.384738126
0.024000000 -13.937494279
0.032000000 -14.577594265
0.040000000 -15.326135584
0.048000000 -16.211683582
0.056000000 -17.273894212
0.064000000 -18.569472452
0.072000000 -20.182434727
0.080000000 -22.242798849
0.088000000 -24.963055940
0.096000000 -28.715881794
0.104000000 -34.220122414
0.112000000 -43.064284021
0.120000000 -59.591879873
0.128000000 -101.445975288
0.136000000 -416.622606999
0.144000000 177.008134134
0.152000000 69.639269292
0.160000000 41.999288567
0.168000000 29.331226128
0.176000000 22.065179143
0.184000000 17.354477848
0.192000000 14.053575587
0.200000000 11.612509259
0.208000000 9.734359132
0.216000000 8.244728324
0.224000000 7.034454940
0.232000000 6.031718585
0.240000000 5.187331519
0.248000000 4.466474635
0.256000000 3.843807967
0.264000000 3.300450558
0.272000000 2.822045812
0.280000000 2.397482904
0.288000000 2.018028566
0.296000000 1.676723390
0.304000000 1.367953177
0.312000000 1.087138829
0.320000000 0.830508247
0.328000000 0.594925977
0.336000000 0.377764258
0.344000000 0.176804178
0.352000000 -0.009840949
0.360000000 -0.183785607
0.368000000 -0.346419553
0.376000000 -0.498945692
0.384000000 -0.642410559
0.392000000 -0.777729021
0.400000000 -0.905704448
0.408000000 -1.027045298
0.416000000 -1.142378827
0.424000000 -1.252262495
0.432000000 -1.357193515
0.440000000 -1.457616871
0.448000000 -1.553932104
0.456000000 -1.646499061
0.464000000 -1.735642809
0.472000000 -1.821657832
0.480000000 -1.904811646
0.488000000 -1.985347910
0.496000000 -2.063489130
0.504000000 -2.139438996
0.512000000 -2.213384433
0.520000000 -2.285497382
0.528000000 -2.355936369
0.536000000 -2.424847884
0.544000000 -2.492367595
0.552000000 -2.558621425
0.560000000 -2.623726502
0.568000000 -2.687792010
0.576000000 -2.750919940
0.584000000 -2.813205768
0.592000000 -2.874739054
0.600000000 -2.935603986
0.608000000 -2.995879867
0.616000000 -3.055641548
0.624000000 -3.114959830
0.632000000 -3.173901818
0.640000000 -3.232531246
0.648000000 -3.290908769
0.656000000 -3.349092234
0.664000000 -3.407136922
0.672000000 -3.465095771
0.680000000 -3.523019580
0.688000000 -3.580957194
0.696000000 -3.638955679
0.704000000 -3.697060475
0.712000000 -3.755315544
0.720000000 -3.813763504
0.728000000 -3.872445752
0.736000000 -3.931402581
0.744000000 -3.990673283
0.752000000 -4.050296251
0.760000000 -4.110309073
0.768000000 -4.170748614
0.776000000 -4.231651100
0.784000000 -4.293052196
0.792000000 -4.354987070
0.800000000 -4.417490469
0.808000000 -4.480596777
0.816000000 -4.544340077
0.824000000 -4.608754206
0.832000000 -4.673872813
0.840000000 -4.739729408
0.848000000 -4.806357412
0.856000000 -4.873790204
0.864000000 -4.942061168
0.872000000 -5.011203735
0.880000000 -5.081251429
0.888000000 -5.152237901
0.896000000 -5.224196977
0.904000000 -5.297162691
0.912000000 -5.371169327
0.920000000 -5.446251452
0.928000000 -5.522443957
0.936000000 -5.599782088
0.944000000 -5.678301486
0.952000000 -5.758038218
0.960000000 -5.839028815
0.968000000 -5.921310306
0.976000000 -6.004920248
0.984000000 -6.089896767
0.992000000 -6.176278587
1.000000000 -6.264105069
1.008000000 -6.353416241
1.016000000 -6.444252835
1.024000000 -6.536656323
1.032000000 -6.630668951
1.040000000 -6.726333775
1.048000000 -6.823694698
1.056000000 -6.922796508
1.064000000 -7.023684913
1.072000000 -7.126406579
1.080000000 -7.231009172
1.088000000 -7.337541397
1.096000000 -7.446053034
1.104000000 -7.556594986
1.112000000 -7.669219318
1.120000000 -7.783979298
1.128000000 -7.900929448
1.136000000 -8.020125583
1.144000000 -8.141624863
1.152000000 -8.265485837
1.160000000 -8.391768495
1.168000000 -8.520534321
1.176000000 -8.651846339
1.184000000 -8.785769173
1.192000000 -8.922369102
1.200000000 -9.061714113
1.208000000 -9.203873966
1.216000000 -9.348920251
1.224000000 -9.496926454
1.232000000 -9.647968018
1.240000000 -9.802122415
1.248000000 -9.959469213
1.256000000 -10.120090149
1.264000000 -10.284069203
1.272000000 -10.451492674
1.280000000 -10.622449260
1.288000000 -10.797030143
1.296000000 -10.975329072
1.304000000 -11.157442449
1.312000000 -11.343469427
1.320000000 -11.533512000
1.328000000 -11.727675102
1.336000000 -11.926066710
1.344000000 -12.128797950
1.352000000 -12.335983205
1.360000000 -12.547740232
1.368000000 -12.764190277
1.376000000 -12.985458197
1.384000000 -13.211672591
1.392000000 -13.442965928
1.400000000 -13.679474687
1.408000000 -13.921339498
1.416000000 -14.168705289
1.424000000 -14.421721443
1.432000000 -14.680541952
1.440000000 -14.945325590
1.448000000 -15.216236080
1.456000000 -15.493442276
1.464000000 -15.777118346
1.472000000 -16.067443972
1.480000000 -16.364604547
1.488000000 -16.668791384
1.496000000 -16.980201940
1.504000000 -17.299040035
1.512000000 -17.625516096
1.520000000 -17.959847398
1.528000000 -18.302258324
1.536000000 -18.652980626
1.544000000 -19.012253710
1.552000000 -19.380324920
1.560000000 -19.757449840
1.568000000 -20.143892609
1.576000000 -20.539926249
1.584000000 -20.945833002
1.592000000 -21.361904689
1.600000000 -21.788443077
1.608000000 -22.225760268
1.616000000 -22.674179096
1.624000000 -23.134033552
1.632000000 -23.605669218
1.640000000 -24.089443722
1.648000000 -24.585727217
1.656000000 -25.094902871
1.664000000 -25.617367392
1.672000000 -26.153531560
1.680000000 -26.703820794
1.688000000 -27.268675739
1.696000000 -27.848552878
1.704000000 -28.443925172
1.712000000 -29.055282724
1.720000000 -29.683133480
1.728000000 -30.328003953
1.736000000 -30.990439983
1.744000000 -31.671007523
1.752000000 -32.370293472
1.760000000 -33.088906532
1.768000000 -33.827478109
1.776000000 -34.586663250
1.784000000 -35.367141625
1.792000000 -36.169618547
1.800000000 -36.994826038
1.808000000 -37.843523940
1.816000000 -38.716501079
1.824000000 -39.614576471
1.832000000 -40.538600586
1.840000000 -41.489456665
1.848000000 -42.468062085
1.856000000 -43.475369796
1.864000000 -44.512369805
1.872000000 -45.580090729
1.880000000 -46.679601408
1.888000000 -47.812012588
1.896000000 -48.978478666
1.904000000 -50.180199511
1.912000000 -51.418422350
1.920000000 -52.694443733
1.928000000 -54.009611564
1.936000000 -55.365327216
1.944000000 -56.763047714
1.952000000 -58.204287994
1.960000000 -59.690623242
1.968000000 -61.223691299
1.976000000 -62.805195140
1.984000000 -64.436905413
1.992000000 -66.120663046
2.000000000 -67.858381895
2.008000000 -69.652051442
2.016000000 -71.503739506
2.024000000 -73.415594970
2.032000000 -75.389850491
2.040000000 -77.428825150
2.048000000 -79.534927038
2.056000000 -81.710655695
2.064000000 -83.958604384
2.072000000 -86.281462103
2.080000000 -88.682015287
2.088000000 -91.163149091
2.096000000 -93.727848161
2.104000000 -96.379196766
2.112000000 -99.120378171
2.120000000 -101.954673077
2.128000000 -104.885456987
2.136000000 -107.916196292
2.144000000 -111.050442893
2.152000000 -114.291827148
2.160000000 -117.644048915
2.168000000 -121.110866473
2.176000000 -124.696083094
2.184000000 -128.403531029
2.192000000 -132.237052704
2.200000000 -136.200478933
2.208000000 -140.297603950
2.216000000 -144.532157151
2.224000000 -148.907771415
2.232000000 -153.427947985
2.240000000 -158.096017886
2.248000000 -162.915099986
2.256000000 -167.888055821
2.264000000 -173.017441437
2.272000000 -178.305456539
2.280000000 -183.753891364
2.288000000 -189.364071753
2.296000000 -195.136802998
2.304000000 -201.072313121
2.312000000 -207.170196314
2.320000000 -213.429357326
2.328000000 -219.847957670
2.336000000 -226.423364521
2.344000000 -233.152103239
2.352000000 -240.029814438
2.360000000 -247.051216521
2.368000000 -254.210074573
2.376000000 -261.499176435
2.384000000 -268.910316764
2.392000000 -276.434289722
2.400000000 -284.060890901
2.408000000 -291.778928940
2.416000000 -299.576247143
2.424000000 -307.439755298
2.432000000 -315.355471709
2.440000000 -323.308575326
2.448000000 -331.283467674
2.456000000 -339.263844147
2.464000000 -347.232774066
2.472000000 -355.172788777
2.480000000 -363.065976907
2.488000000 -370.894085818
2.496000000 -378.638628164
2.504000000 -386.280992403
2.512000000 -393.802556038
2.520000000 -401.184800335
2.528000000 -408.409425251
2.536000000 -415.458463278
2.544000000 -422.314390995
2.552000000 -428.960237093
2.560000000 -435.379685759
2.568000000 -441.557174361
2.576000000 -447.477984460
2.584000000 -453.128325308
2.592000000 -458.495409097
2.600000000 -463.567517331
2.608000000 -468.334057856
2.616000000 -472.785612190
2.624000000 -476.913972930
2.632000000 -480.712171157
2.640000000 -484.174493862
2.648000000 -487.296491564
2.656000000 -490.074976364
2.664000000 -492.508010818
2.672000000 -494.594888081
2.680000000 -496.336103853
2.688000000 -497.733320740
2.696000000 -498.789325677
2.704000000 -499.507981129
2.712000000 -499.894170788
2.720000000 -499.953740533
2.728000000 -499.693435399
2.736000000 -499.120833317
2.744000000 -498.244276385
2.752000000 -497.072800363
2.760000000 -495.616063124
2.768000000 -493.884272696
2.776000000 -491.888115527
2.784000000 -489.638685554
2.792000000 -487.147414582
2.800000000 -484.426004479
2.808000000 -481.486361583
2.816000000 -478.340533707
2.824000000 -475.000650054
2.832000000 -471.478864306
2.840000000 -467.787301099
2.848000000 -463.938006054
2.856000000 -459.942899475
2.864000000 -455.813733795
2.872000000 -451.562054801
2.880000000 -447.199166630
2.888000000 -442.736100509
2.896000000 -438.183587168
2.904000000 -433.552032828
2.912000000 -428.851498651
2.920000000 -424.091683519
2.928000000 -419.281909988
2.936000000 -414.431113239
2.944000000 -409.547832881
2.952000000 -404.640207383
2.960000000 -399.715970984
2.968000000 -394.782452863
2.976000000 -389.846578400
2.984000000 -384.914872320
2.992000000 -379.993463550
3.000000000 -375.088091598
3.008000000 -370.204114282
3.016000000 -365.346516644
3.024000000 -360.519920872
3.032000000 -355.728597109
3.040000000 -350.976474967
3.048000000 -346.267155642
3.056000000 -341.603924485
3.064000000 -336.989763931
3.072000000 -332.427366653
3.080000000 -327.919148877
3.088000000 -323.467263740
3.096000000 -319.073614627
3.104000000 -314.739868415
3.112000000 -310.467468553
3.120000000 -306.257647935
3.128000000 -302.111441502
3.136000000 -298.029698551
3.144000000 -294.013094696
3.152000000 -290.062143465
3.160000000 -286.177207510
3.168000000 -282.358509403
3.176000000 -278.606142008
3.184000000 -274.920078424
3.192000000 -271.300181486
3.200000000 -267.746212822
3.208000000 -264.257841475
3.216000000 -260.834652077
3.224000000 -257.476152599
3.232000000 -254.181781665
3.240000000 -250.950915456
3.248000000 -247.782874203
3.256000000 -244.676928285
3.264000000 -241.632303942
3.272000000 -238.648188622
3.280000000 -235.723735966
3.288000000 -232.858070457
3.296000000 -230.050291738
3.304000000 -227.299478617
3.312000000 -224.604692774
3.320000000 -221.964982191
3.328000000 -219.379384301
3.336000000 -216.846928896
3.344000000 -214.366640785
3.352000000 -211.937542229
3.360000000 -209.558655163
3.368000000 -207.229003216
3.376000000 -204.947613545
3.384000000 -202.713518494
3.392000000 -200.525757082
3.400000000 -198.383376344
3.408000000 -196.285432529
3.416000000 -194.230992162
3.424000000 -192.219132984
3.432000000 -190.248944776
3.440000000 -188.319530083
3.448000000 -186.430004832
3.456000000 -184.579498868
3.464000000 -182.767156399
3.472000000 -180.992136373
3.480000000 -179.253612783
3.488000000 -177.550774900
3.496000000 -175.882827464
3.504000000 -174.248990803
3.512000000 -172.648500922
3.520000000 -171.080609534
3.528000000 -169.544584059
3.536000000 -168.039707589
3.544000000 -166.565278811
3.552000000 -165.120611915
3.560000000 -163.705036466
3.568000000 -162.317897256
3.576000000 -160.958554142
3.584000000 -159.626381857
3.592000000 -158.320769810
3.600000000 -157.041121876
3.608000000 -155.786856171
3.616000000 -154.557404813
3.624000000 -153.352213686
3.632000000 -152.170742188
3.640000000 -151.012462975
3.648000000 -149.876861704
3.656000000 -148.763436774
3.664000000 -147.671699055
3.672000000 -146.601171632
3.680000000 -145.551389531
3.688000000 -144.521899458
3.696000000 -143.512259534
3.704000000 -142.522039032
3.712000000 -141.550818112
3.720000000 -140.598187571
3.728000000 -139.663748575
3.736000000 -138.747112418
3.744000000 -137.847900264
3.752000000 -136.965742905
3.760000000 -136.100280517
3.768000000 -135.251162425
3.776000000 -134.418046868
3.784000000 -133.600600766
3.792000000 -132.798499504
3.800000000 -132.011426702
3.808000000 -131.239074005
3.816000000 -130.481140873
3.824000000 -129.737334370
3.832000000 -129.007368965
3.840000000 -128.290966336
3.848000000 -127.587855178
3.856000000 -126.897771010
3.864000000 -126.220456001
3.872000000 -125.555658784
3.880000000 -124.903134284
3.888000000 -124.262643550
3.896000000 -123.633953591
3.904000000 -123.016837209
3.912000000 -122.411072851
3.920000000 -121.816444450
3.928000000 -121.232741280
3.936000000 -120.659757809
3.944000000 -120.097293562
3.952000000 -119.545152984
3.960000000 -119.003145303
3.968000000 -118.471084408
3.976000000 -117.948788717
3.984000000 -117.436081059
3.992000000 -116.932788554
4.000000000 -116.438742498
4.008000000 -115.953778252
4.016000000 -115.477735131
4.024000000 -115.010456303
4.032000000 -114.551788679
4.040000000 -114.101582820
4.048000000 -113.659692838
4.056000000 -113.225976301
4.064000000 -112.800294141
4.072000000 -112.382510569
4.080000000 -111.972492984
4.088000000 -111.570111892
4.096000000 -111.175240825
4.104000000 -110.787756261
4.112000000 -110.407537545
4.120000000 -110.034466821
4.128000000 -109.668428951
4.136000000 -109.309311453
4.144000000 -108.957004427
4.152000000 -108.611400491
4.160000000 -108.272394714
4.168000000 -107.939884560
4.176000000 -107.613769818
4.184000000 -107.293952551
4.192000000 -106.980337033
4.200000000 -106.672829697
4.208000000 -106.371339078
4.216000000 -106.075775762
4.224000000 -105.786052336
4.232000000 -105.502083335
4.240000000 -105.223785196
4.248000000 -104.951076211
4.256000000 -104.683876480
4.264000000 -104.422107870
4.272000000 -104.165693966
4.280000000 -103.914560037
4.288000000 -103.668632987
4.296000000 -103.427841321
4.304000000 -103.192115107
4.312000000 -102.961385932
4.320000000 -102.735586874
4.328000000 -102.514652461
4.336000000 -102.298518640
4.344000000 -102.087122739
4.352000000 -101.880403440
4.360000000 -101.678300744
4.368000000 -101.480755940
4.376000000 -101.287711577
4.384000000 -101.099111433
4.392000000 -100.914900490
4.400000000 -100.735024900
4.408000000 -100.559431965
4.416000000 -100.388070107
4.424000000 -100.220888843
4.432000000 -100.057838762
4.440000000 -99.898871499
4.448000000 -99.743939712
4.456000000 -99.592997061
4.464000000 -99.445998182
4.472000000 -99.302898670
4.480000000 -99.163655053
4.488000000 -99.028224776
4.496000000 -98.896566178
4.504000000 -98.768638475
4.512000000 -98.644401739
4.520000000 -98.523816878
4.528000000 -98.406845625
4.536000000 -98.293450511
4.544000000 -98.183594855
4.552000000 -98.077242746
4.560000000 -97.974359023
4.568000000 -97.874909265
4.576000000 -97.778859770
4.584000000 -97.686177545
4.592000000 -97.596830288
4.600000000 -97.510786375
4.608000000 -97.428014845
4.616000000 -97.348485390
4.624000000 -97.272168336
4.632000000 -97.199034636
4.640000000 -97.129055853
4.648000000 -97.062204150
4.656000000 -96.998452278
4.664000000 -96.937773565
4.672000000 -96.880141901
4.680000000 -96.825531732
4.688000000 -96.773918045
4.696000000 -96.725276360
4.704000000 -96.679582720
4.712000000 -96.636813679
4.720000000 -96.596946292
4.728000000 -96.559958108
4.736000000 -96.525827159
4.744000000 -96.494531952
4.752000000 -96.466051458
4.760000000 -96.440365104
4.768000000 -96.417452767
4.776000000 -96.397294764
4.784000000 -96.379871843
4.792000000 -96.365165175
4.800000000 -96.353156349
4.808000000 -96.343827363
4.816000000 -96.337160615
4.824000000 -96.333138899
4.832000000 -96.331745395
4.840000000 -96.332963665
4.848000000 -96.336777644
4.856000000 -96.343171634
4.864000000 -96.352130300
4.872000000 -96.363638659
4.880000000 -96.377682080
4.888000000 -96.394246273
4.896000000 -96.413317285
4.904000000 -96.434881495
4.912000000 -96.458925608
4.920000000 -96.485436650
4.928000000 -96.514401962
4.936000000 -96.545809193
4.944000000 -96.579646302
4.952000000 -96.615901544
4.960000000 -96.654563470
4.968000000 -96.695620924
4.976000000 -96.739063033
4.984000000 -96.784879209
4.992000000 -96.833059138
5.000000000 -96.883592781
5.008000000 -96.936470368
5.016000000 -96.991682393
5.024000000 -97.049219610
5.032000000 -97.109073030
5.040000000 -97.171233919
5.048000000 -97.235693791
5.056000000 -97.302444403
5.064000000 -97.371477759
5.072000000 -97.442786097
5.080000000 -97.516361894
5.088000000 -97.592197854
5.096000000 -97.670286914
5.104000000 -97.750622235
5.112000000 -97.833197199
5.120000000 -97.918005407
5.128000000 -98.005040679
5.136000000 -98.094297044
5.144000000 -98.185768746
5.152000000 -98.279450232
5.160000000 -98.375336158
5.168000000 -98.473421379
5.176000000 -98.573700951
5.184000000 -98.676170127
5.192000000 -98.780824354
5.200000000 -98.887659273
5.208000000 -98.996670711
5.216000000 -99.107854686
5.224000000 -99.221207398
5.232000000 -99.336725234
5.240000000 -99.454404756
5.248000000 -99.574242710
5.256000000 -99.696236014
5.264000000 -99.820381763
5.272000000 -99.946677225
5.280000000 -100.075119835
5.288000000 -100.205707200
5.296000000 -100.338437091
5.304000000 -100.473307446
5.312000000 -100.610316365
5.320000000 -100.749462109
5.328000000 -100.890743099
5.336000000 -101.034157913
5.344000000 -101.179705285
5.352000000 -101.327384107
5.360000000 -101.477193420
5.368000000 -101.629132417
5.376000000 -101.783200444
5.384000000 -101.939396992
5.392000000 -102.097721701
5.400000000 -102.258174357
5.408000000 -102.420754888
5.416000000 -102.585463368
5.424000000 -102.752300012
5.432000000 -102.921265172
5.440000000 -103.092359344
5.448000000 -103.265583159
5.456000000 -103.440937384
5.464000000 -103.618422925
5.472000000 -103.798040819
5.480000000 -103.979792237
5.488000000 -104.163678482
5.496000000 -104.349700990
5.504000000 -104.537861325
5.512000000 -104.728161180
5.520000000 -104.920602376
5.528000000 -105.115186862
5.536000000 -105.311916713
5.544000000 -105.510794126
5.552000000 -105.711821427
5.560000000 -105.915001061
5.568000000 -106.120335598
5.576000000 -106.327827728
5.584000000 -106.537480262
5.592000000 -106.749296130
5.600000000 -106.963278383
5.608000000 -107.179430189
5.616000000 -107.397754833
5.624000000 -107.618255716
5.632000000 -107.840936358
5.640000000 -108.065800390
5.648000000 -108.292851560
5.656000000 -108.522093730
5.664000000 -108.753530874
5.672000000 -108.987167078
5.680000000 -109.223006540
5.688000000 -109.461053571
5.696000000 -109.701312590
5.704000000 -109.943788127
5.712000000 -110.188484821
5.720000000 -110.435407419
5.728000000 -110.684560777
5.736000000 -110.935949858
5.744000000 -111.189579733
5.752000000 -111.445455577
5.760000000 -111.703582673
5.768000000 -111.963966408
5.776000000 -112.226612275
5.784000000 -112.491525870
5.792000000 -112.758712893
5.800000000 -113.028179149
5.808000000 -113.299930542
5.816000000 -113.573973083
5.824000000 -113.850312881
5.832000000 -114.128956148
5.840000000 -114.409909197
5.848000000 -114.693178441
5.856000000 -114.978770393
5.864000000 -115.266691666
5.872000000 -115.556948972
5.880000000 -115.849549121
5.888000000 -116.144499022
5.896000000 -116.441805682
5.904000000 -116.741476204
5.912000000 -117.043517791
5.920000000 -117.347937740
5.928000000 -117.654743444
5.936000000 -117.963942395
5.944000000 -118.275542176
5.952000000 -118.589550469
5.960000000 -118.905975048
5.968000000 -119.224823783
5.976000000 -119.546104636
5.984000000 -119.869825665
5.992000000 -120.195995019
6.000000000 -120.524620940
6.008000000 -120.855711763
6.016000000 -121.189275915
6.024000000 -121.525321914
6.032000000 -121.863858369
6.040000000 -122.204893981
6.048000000 -122.548437540
6.056000000 -122.894497926
6.064000000 -123.243084110
6.072000000 -123.594205151
6.080000000 -123.947870197
6.088000000 -124.304088485
6.096000000 -124.662869340
6.104000000 -125.024222173
6.112000000 -125.388156485
6.120000000 -125.754681862
6.128000000 -126.123807975
6.136000000 -126.495544585
6.144000000 -126.869901534
6.152000000 -127.246888753
6.160000000 -127.626516256
6.168000000 -128.008794139
6.176000000 -128.393732586
6.184000000 -128.781341862
6.192000000 -129.171632314
6.200000000 -129.564614374
6.208000000 -129.960298553
6.216000000 -130.358695446
6.224000000 -130.759815728
6.232000000 -131.163670153
6.240000000 -131.570269557
6.248000000 -131.979624854
6.256000000 -132.391747039
6.264000000 -132.806647182
6.272000000 -133.224336434
6.280000000 -133.644826022
6.288000000 -134.068127248
6.296000000 -134.494251493
6.304000000 -134.923210212
6.312000000 -135.355014935
6.320000000 -135.789677265
6.328000000 -136.227208883
6.336000000 -136.667621537
6.344000000 -137.110927053
6.352000000 -137.557137324
6.360000000 -138.006264318
6.368000000 -138.458320070
6.376000000 -138.913316688
6.384000000 -139.371266345
6.392000000 -139.832181285
6.400000000 -140.296073819
6.408000000 -140.762956325
6.416000000 -141.232841244
6.424000000 -141.705741087
6.432000000 -142.181668424
6.440000000 -142.660635893
6.448000000 -143.142656192
6.456000000 -143.627742081
6.464000000 -144.115906381
6.472000000 -144.607161973
6.480000000 -145.101521798
6.488000000 -145.598998853
6.496000000 -146.099606193
6.504000000 -146.603356931
6.512000000 -147.110264233
6.520000000 -147.620341318
6.528000000 -148.133601462
6.536000000 -148.650057990
6.544000000 -149.169724278
6.552000000 -149.692613754
6.560000000 -150.218739892
6.568000000 -150.748116216
6.576000000 -151.280756295
6.584000000 -151.816673744
6.592000000 -152.355882222
6.600000000 -152.898395429
6.608000000 -153.444227110
6.616000000 -153.993391048
6.624000000 -154.545901065
6.632000000 -155.101771022
6.640000000 -155.661014815
6.648000000 -156.223646375
6.656000000 -156.789679669
6.664000000 -157.359128692
6.672000000 -157.932007474
6.680000000 -158.508330072
6.688000000 -159.088110570
6.696000000 -159.671363081
6.704000000 -160.258101740
6.712000000 -160.848340707
6.720000000 -161.442094163
6.728000000 -162.039376308
6.736000000 -162.640201363
6.744000000 -163.244583564
6.752000000 -163.852537160
6.760000000 -164.464076417
6.768000000 -165.079215611
6.776000000 -165.697969027
6.784000000 -166.320350958
6.792000000 -166.946375705
6.800000000 -167.576057571
6.808000000 -168.209410864
6.816000000 -168.846449890
6.824000000 -169.487188955
6.832000000 -170.131642361
6.840000000 -170.779824406
6.848000000 -171.431749379
6.856000000 -172.087431562
6.864000000 -172.746885222
6.872000000 -173.410124615
6.880000000 -174.077163983
6.888000000 -174.748017546
6.896000000 -175.422699508
6.904000000 -176.101224049
6.912000000 -176.783605325
6.920000000 -177.469857466
6.928000000 -178.159994572
6.936000000 -178.854030715
6.944000000 -179.551979930
6.952000000 -180.253856218
6.960000000 -180.959673542
6.968000000 -181.669445824
6.976000000 -182.383186944
6.984000000 -183.100910736
6.992000000 -183.822630987
7.000000000 -184.548361432
7.008000000 -185.278115756
7.016000000 -186.011907587
7.024000000 -186.749750495
7.032000000 -187.491657990
7.040000000 -188.237643519
7.048000000 -188.987720464
7.056000000 -189.741902138
7.064000000 -190.500201784
7.072000000 -191.262632570
7.080000000 -192.029207588
7.088000000 -192.799939853
7.096000000 -193.574842296
7.104000000 -194.353927763
7.112000000 -195.137209016
7.120000000 -195.924698724
7.128000000 -196.716409464
7.136000000 -197.512353717
7.144000000 -198.312543865
7.152000000 -199.116992191
7.160000000 -199.925710871
7.168000000 -200.738711974
7.176000000 -201.556007459
7.184000000 -202.377609175
7.192000000 -203.203528850
7.200000000 -204.033778097
7.208000000 -204.868368404
7.216000000 -205.707311137
7.224000000 -206.550617533
7.232000000 -207.398298697
7.240000000 -208.250365601
7.248000000 -209.106829081
7.256000000 -209.967699832
7.264000000 -210.832988406
7.272000000 -211.702705210
7.280000000 -212.576860500
7.288000000 -213.455464383
7.296000000 -214.338526807
7.304000000 -215.226057566
7.312000000 -216.118066289
7.320000000 -217.014562443
7.328000000 -217.915555327
7.336000000 -218.821054069
7.344000000 -219.731067625
7.352000000 -220.645604773
7.360000000 -221.564674111
7.368000000 -222.488284055
7.376000000 -223.416442837
7.384000000 -224.349158497
7.392000000 -225.286438885
7.400000000 -226.228291655
7.408000000 -227.174724265
7.416000000 -228.125743971
7.424000000 -229.081357823
7.432000000 -230.041572666
7.440000000 -231.006395137
7.448000000 -231.975831655
7.456000000 -232.949888427
7.464000000 -233.928571440
7.472000000 -234.911886459
7.480000000 -235.899839023
7.488000000 -236.892434446
7.496000000 -237.889677808
7.504000000 -238.891573958
7.512000000 -239.898127507
7.520000000 -240.909342828
7.528000000 -241.925224051
7.536000000 -242.945775062
7.544000000 -243.970999498
7.552000000 -245.000900746
7.560000000 -246.035481940
7.568000000 -247.074745960
7.576000000 -248.118695423
7.584000000 -249.167332688
7.592000000 -250.220659850
7.600000000 -251.278678736
7.608000000 -252.341390905
7.616000000 -253.408797644
7.624000000 -254.480899966
7.632000000 -255.557698607
7.640000000 -256.639194024
7.648000000 -257.725386393
7.656000000 -258.816275606
7.664000000 -259.911861268
7.672000000 -261.012142697
7.680000000 -262.117118917
7.688000000 -263.226788663
7.696000000 -264.341150371
7.704000000 -265.460202183
7.712000000 -266.583941940
7.720000000 -267.712367179
7.728000000 -268.845475138
7.736000000 -269.983262746
7.744000000 -271.125726625
7.752000000 -272.272863088
7.760000000 -273.424668137
7.768000000 -274.581137461
7.776000000 -275.742266431
7.784000000 -276.908050107
7.792000000 -278.078483225
7.800000000 -279.253560205
7.808000000 -280.433275145
7.816000000 -281.617621817
7.824000000 -282.806593672
7.832000000 -284.000183834
7.840000000 -285.198385100
7.848000000 -286.401189937
7.856000000 -287.608590483
7.864000000 -288.820578547
7.872000000 -290.037145603
7.880000000 -291.258282792
7.888000000 -292.483980923
7.896000000 -293.714230468
7.904000000 -294.949021562
7.912000000 -296.188344006
7.920000000 -297.432187260
7.928000000 -298.680540446
7.936000000 -299.933392348
7.944000000 -301.190731410
7.952000000 -302.452545733
7.960000000 -303.718823080
7.968000000 -304.989550872
7.976000000 -306.264716185
7.984000000 -307.544305758
7.992000000 -308.828305983
8.000000000 -310.116702911
8.008000000 -311.409482251
8.016000000 -312.706629368
8.024000000 -314.008129284
8.032000000 -315.313966678
8.040000000 -316.624125888
8.048000000 -317.938590907
8.056000000 -319.257345386
8.064000000 -320.580372635
8.072000000 -321.907655622
8.080000000 -323.239176972
8.088000000 -324.574918971
8.096000000 -325.914863564
8.104000000 -327.258992356
8.112000000 -328.607286613
8.120000000 -329.959727263
8.128000000 -331.316294896
8.136000000 -332.676969765
8.144000000 -334.041731789
8.152000000 -335.410560549
8.160000000 -336.783435295
8.168000000 -338.160334943
8.176000000 -339.541238078
8.184000000 -340.926122954
8.192000000 -342.314967498
8.200000000 -343.707749307
8.208000000 -345.104445652
8.216000000 -346.505033482
8.224000000 -347.909489419
8.232000000 -349.317789766
8.240000000 -350.729910504
8.248000000 -352.145827299
8.256000000 -353.565515496
8.264000000 -354.988950130
8.272000000 -356.416105920
8.280000000 -357.846957276
8.288000000 -359.281478298
8.296000000 -360.719642780
8.304000000 -362.161424211
8.312000000 -363.606795779
8.320000000 -365.055730368
8.328000000 -366.508200569
8.336000000 -367.964178675
8.344000000 -369.423636685
8.352000000 -370.886546309
8.360000000 -372.352878969
8.368000000 -373.822605798
8.376000000 -375.295697651
8.384000000 -376.772125099
8.392000000 -378.251858436
8.400000000 -379.734867683
8.408000000 -381.221122586
8.416000000 -382.710592624
8.424000000 -384.203247008
8.432000000 -385.699054688
8.440000000 -387.197984351
8.448000000 -388.700004429
8.456000000 -390.205083096
8.464000000 -391.713188280
8.472000000 -393.224287658
8.480000000 -394.738348661
8.488000000 -396.255338483
8.496000000 -397.775224075
8.504000000 -399.297972155
8.512000000 -400.823549212
8.520000000 -402.351921503
8.528000000 -403.883055062
8.536000000 -405.416915703
8.544000000 -406.953469021
8.552000000 -408.492680398
8.560000000 -410.034515005
8.568000000 -411.578937805
8.576000000 -413.125913560
8.584000000 -414.675406832
8.592000000 -416.227381987
8.600000000 -417.781803197
8.608000000 -419.338634450
8.616000000 -420.897839546
8.624000000 -422.459382106
8.632000000 -424.023225574
8.640000000 -425.589333222
8.648000000 -427.157668150
8.656000000 -428.728193297
8.664000000 -430.300871439
8.672000000 -431.875665194
8.680000000 -433.452537029
8.688000000 -435.031449260
8.696000000 -436.612364058
8.704000000 -438.195243455
8.712000000 -439.780049344
8.720000000 -441.366743486
8.728000000 -442.955287513
8.736000000 -444.545642932
8.744000000 -446.137771129
8.752000000 -447.731633375
8.760000000 -449.327190827
8.768000000 -450.924404535
8.776000000 -452.523235444
8.784000000 -454.123644400
8.792000000 -455.725592153
8.800000000 -457.329039360
8.808000000 -458.933946592
8.816000000 -460.540274338
8.824000000 -462.147983005
8.832000000 -463.757032927
8.840000000 -465.367384368
8.848000000 -466.978997523
8.856000000 -468.591832527
8.864000000 -470.205849457
8.872000000 -471.821008333
8.880000000 -473.437269128
8.888000000 -475.054591769
8.896000000 -476.672936142
8.904000000 -478.292262094
8.912000000 -479.912529439
8.920000000 -481.533697965
8.928000000 -483.155727431
8.936000000 -484.778577579
8.944000000 -486.402208131
8.952000000 -488.026578798
8.960000000 -489.651649284
8.968000000 -491.277379287
8.976000000 -492.903728504
8.984000000 -494.530656637
8.992000000 -496.158123397
9.000000000 -497.786088503
9.008000000 -499.414511694
9.016000000 -501.043352726
9.024000000 -502.672571380
9.032000000 -504.302127465
9.040000000 -505.931980820
9.048000000 -507.562091322
9.056000000 -509.192418884
9.064000000 -510.822923466
9.072000000 -512.453565073
9.080000000 -514.084303761
9.088000000 -515.715099642
9.096000000 -517.345912885
9.104000000 -518.976703721
9.112000000 -520.607432449
9.120000000 -522.238059437
9.128000000 -523.868545125
9.136000000 -525.498850031
9.144000000 -527.128934754
9.152000000 -528.758759975
9.160000000 -530.388286466
9.168000000 -532.017475088
9.176000000 -533.646286797
9.184000000 -535.274682648
9.192000000 -536.902623796
9.200000000 -538.530071504
9.208000000 -540.156987140
9.216000000 -541.783332186
9.224000000 -543.409068238
9.232000000 -545.034157012
9.240000000 -546.658560342
9.248000000 -548.282240190
9.256000000 -549.905158644
9.264000000 -551.527277926
9.272000000 -553.148560388
9.280000000 -554.768968522
9.288000000 -556.388464960
9.296000000 -558.007012476
9.304000000 -559.624573991
9.312000000 -561.241112574
9.320000000 -562.856591448
9.328000000 -564.470973990
9.336000000 -566.084223734
9.344000000 -567.696304374
9.352000000 -569.307179768
9.360000000 -570.916813940
9.368000000 -572.525171082
9.376000000 -574.132215557
9.384000000 -575.737911901
9.392000000 -577.342224827
9.400000000 -578.945119227
9.408000000 -580.546560173
9.416000000 -582.146512921
9.424000000 -583.744942913
9.432000000 -585.341815778
9.440000000 -586.937097339
9.448000000 -588.530753607
9.456000000 -590.122750791
9.464000000 -591.713055296
9.472000000 -593.301633728
9.480000000 -594.888452891
9.488000000 -596.473479795
9.496000000 -598.056681656
9.504000000 -599.638025894
9.512000000 -601.217480142
9.520000000 -602.795012242
9.528000000 -604.370590249
9.536000000 -605.944182435
9.544000000 -607.515757285
9.552000000 -609.085283505
9.560000000 -610.652730021
9.568000000 -612.218065978
9.576000000 -613.781260748
9.584000000 -615.342283925
9.592000000 -616.901105331
9.600000000 -618.457695013
9.608000000 -620.012023251
9.616000000 -621.564060552
9.624000000 -623.113777658
9.632000000 -624.661145543
9.640000000 -626.206135415
9.648000000 -627.748718718
9.656000000 -629.288867134
9.664000000 -630.826552582
9.672000000 -632.361747221
9.680000000 -633.894423450
9.688000000 -635.424553909
9.696000000 -636.952111482
9.704000000 -638.477069293
9.712000000 -639.999400715
9.720000000 -641.519079361
9.728000000 -643.036079095
9.736000000 -644.550374023
9.744000000 -646.061938503
9.752000000 -647.570747139
9.760000000 -649.076774783
9.768000000 -650.579996540
9.776000000 -652.080387761
9.784000000 -653.577924052
9.792000000 -655.072581268
9.800000000 -656.564335517
9.808000000 -658.053163158
9.816000000 -659.539040805
9.824000000 -661.021945324
9.832000000 -662.501853835
9.840000000 -663.978743711
9.848000000 -665.452592581
9.856000000 -666.923378327
9.864000000 -668.391079088
9.872000000 -669.855673255
9.880000000 -671.317139477
9.888000000 -672.775456657
9.896000000 -674.230603953
9.904000000 -675.682560780
9.912000000 -677.131306806
9.920000000 -678.576821958
9.928000000 -680.019086416
9.936000000 -681.458080616
9.944000000 -682.893785251
9.952000000 -684.326181266
9.960000000 -685.755249864
9.968000000 -687.180972502
9.976000000 -688.603330893
9.984000000 -690.022307001
9.992000000 -691.437883049
10.000000000 -692.850041511
10.008000000 -694.258765115
10.016000000 -695.664036843
10.024000000 -697.065839930
10.032000000 -698.464157862
10.040000000 -699.858974380
10.048000000 -701.250273475
10.056000000 -702.638039388
10.064000000 -704.022256614
10.072000000 -705.402909895
10.080000000 -706.779984224
10.088000000 -708.153464843
10.096000000 -709.523337243
10.104000000 -710.889587162
10.112000000 -712.252200586
10.120000000 -713.611163747
10.128000000 -714.966463122
10.136000000 -716.318085436
10.144000000 -717.666017654
10.152000000 -719.010246989
10.160000000 -720.350760894
10.168000000 -721.687547066
10.176000000 -723.020593441
10.184000000 -724.349888198
10.192000000 -725.675419754
10.200000000 -726.997176763
10.208000000 -728.315148121
10.216000000 -729.629322958
10.224000000 -730.939690640
10.232000000 -732.246240768
10.240000000 -733.548963177
10.248000000 -734.847847937
10.256000000 -736.142885348
10.264000000 -737.434065940
10.272000000 -738.721380476
10.280000000 -740.004819945
10.288000000 -741.284375565
10.296000000 -742.560038781
10.304000000 -743.831801264
10.312000000 -745.099654908
10.320000000 -746.363591832
10.328000000 -747.623604376
10.336000000 -748.879685101
10.344000000 -750.131826790
10.352000000 -751.380022442
10.360000000 -752.624265275
10.368000000 -753.864548725
10.376000000 -755.100866438
10.384000000 -756.333212280
10.392000000 -757.561580326
10.400000000 -758.785964863
10.408000000 -760.006360389
10.416000000 -761.222761610
10.424000000 -762.435163439
10.432000000 -763.643560997
10.440000000 -764.847949609
10.448000000 -766.048324805
10.456000000 -767.244682314
10.464000000 -768.437018070
10.472000000 -769.625328204
10.480000000 -770.809609046
10.488000000 -771.989857125
10.496000000 -773.166069162
10.504000000 -774.338242075
10.512000000 -775.506372974
10.520000000 -776.670459161
10.528000000 -777.830498128
10.536000000 -778.986487554
10.544000000 -780.138425309
10.552000000 -781.286309445
10.560000000 -782.430138201
10.568000000 -783.569909999
10.576000000 -784.705623441
10.584000000 -785.837277311
10.592000000 -786.964870572
10.600000000 -788.088402363
10.608000000 -789.207872000
10.616000000 -790.323278973
10.624000000 -791.434622946
10.632000000 -792.541903754
10.640000000 -793.645121401
10.648000000 -794.744276063
10.656000000 -795.839368081
10.664000000 -796.930397961
10.672000000 -798.017366377
10.680000000 -799.100274161
10.688000000 -800.179122311
10.696000000 -801.253911984
10.704000000 -802.324644493
10.712000000 -803.391321310
10.720000000 -804.453944065
10.728000000 -805.512514538
10.736000000 -806.567034664
10.744000000 -807.617506529
10.752000000 -808.663932370
10.760000000 -809.706314569
10.768000000 -810.744655659
10.776000000 -811.778958316
10.784000000 -812.809225361
10.792000000 -813.835459756
10.800000000 -814.857664606
10.808000000 -815.875843155
10.816000000 -816.889998785
10.824000000 -817.900135016
10.832000000 -818.906255500
10.840000000 -819.908364026
10.848000000 -820.906464515
10.856000000 -821.900561019
10.864000000 -822.890657717
10.872000000 -823.876758919
10.880000000 -824.858869061
10.888000000 -825.836992704
10.896000000 -826.811134534
10.904000000 -827.781299356
10.912000000 -828.747492100
10.920000000 -829.709717813
10.928000000 -830.667981662
10.936000000 -831.622288929
10.944000000 -832.572645013
10.952000000 -833.519055425
10.960000000 -834.461525791
10.968000000 -835.400061846
10.976000000 -836.334669437
10.984000000 -837.265354517
10.992000000 -838.192123148
11.000000000 -839.114981497
11.008000000 -840.033935836
11.016000000 -840.948992537
11.024000000 -841.860158079
11.032000000 -842.767439036
11.040000000 -843.670842084
11.048000000 -844.570373996
11.056000000 -845.466041641
11.064000000 -846.357851983
11.072000000 -847.245812080
11.080000000 -848.129929081
11.088000000 -849.010210227
11.096000000 -849.886662850
11.104000000 -850.759294368
11.112000000 -851.628112288
11.120000000 -852.493124202
11.128000000 -853.354337786
11.136000000 -854.211760801
11.144000000 -855.065401088
11.152000000 -855.915266571
11.160000000 -856.761365252
11.168000000 -857.603705211
11.176000000 -858.442294607
11.184000000 -859.277141673
11.192000000 -860.108254716
11.200000000 -860.935642120
11.208000000 -861.759312337
11.216000000 -862.579273893
11.224000000 -863.395535382
11.232000000 -864.208105468
11.240000000 -865.016992880
11.248000000 -865.822206417
11.256000000 -866.623754939
11.264000000 -867.421647374
11.272000000 -868.215892710
11.280000000 -869.006499997
11.288000000 -869.793478347
11.296000000 -870.576836929
11.304000000 -871.356584973
11.312000000 -872.132731764
11.320000000 -872.905286644
11.328000000 -873.674259010
11.336000000 -874.439658312
11.344000000 -875.201494055
11.352000000 -875.959775793
11.360000000 -876.714513132
11.368000000 -877.465715728
11.376000000 -878.213393284
11.384000000 -878.957555553
11.392000000 -879.698212331
11.400000000 -880.435373463
11.408000000 -881.169048836
11.416000000 -881.899248381
11.424000000 -882.625982072
11.432000000 -883.349259924
11.440000000 -884.069091992
11.448000000 -884.785488370
11.456000000 -885.498459193
11.464000000 -886.208014630
11.472000000 -886.914164890
11.480000000 -887.616920214
11.488000000 -888.316290880
11.496000000 -889.012287200
11.504000000 -889.704919516
11.512000000 -890.394198206
11.520000000 -891.080133675
11.528000000 -891.762736360
11.536000000 -892.442016728
11.544000000 -893.117985271
11.552000000 -893.790652512
11.560000000 -894.460028999
11.568000000 -895.126125304
11.576000000 -895.788952027
11.584000000 -896.448519789
11.592000000 -897.104839236
11.600000000 -897.757921035
11.608000000 -898.407775875
11.616000000 -899.054414466
11.624000000 -899.697847537
11.632000000 -900.338085836
11.640000000 -900.975140130
11.648000000 -901.609021202
11.656000000 -902.239739853
11.664000000 -902.867306898
11.672000000 -903.491733170
11.680000000 -904.113029514
11.688000000 -904.731206788
11.696000000 -905.346275865
11.704000000 -905.958247629
11.712000000 -906.567132974
11.720000000 -907.172942807
11.728000000 -907.775688043
11.736000000 -908.375379607
11.744000000 -908.972028432
11.752000000 -909.565645460
11.760000000 -910.156241639
11.768000000 -910.743827922
11.776000000 -911.328415271
11.784000000 -911.910014651
11.792000000 -912.488637031
11.800000000 -913.064293385
11.808000000 -913.636994689
11.816000000 -914.206751923
11.824000000 -914.773576066
11.832000000 -915.337478102
11.840000000 -915.898469011
11.848000000 -916.456559778
11.856000000 -917.011761383
11.864000000 -917.564084808
11.872000000 -918.113541030
11.880000000 -918.660141026
11.888000000 -919.203895769
11.896000000 -919.744816229
11.904000000 -920.282913371
11.912000000 -920.818198157
11.920000000 -921.350681540
11.928000000 -921.880374471
11.936000000 -922.407287892
11.944000000 -922.931432741
11.952000000 -923.452819946
11.960000000 -923.971460427
11.968000000 -924.487365097
11.976000000 -925.000544859
11.984000000 -925.511010607
11.992000000 -926.018773225
12.000000000 -926.523843586
12.008000000 -927.026232551
12.016000000 -927.525950972
12.024000000 -928.023009688
12.032000000 -928.517419524
12.040000000 -929.009191294
12.048000000 -929.498335798
12.056000000 -929.984863821
12.064000000 -930.468786137
12.072000000 -930.950113501
12.080000000 -931.428856656
12.088000000 -931.905026328
12.096000000 -932.378633226
12.104000000 -932.849688046
12.112000000 -933.318201464
12.120000000 -933.784184139
12.128000000 -934.247646713
12.136000000 -934.708599810
12.144000000 -935.167054035
12.152000000 -935.623019974
12.160000000 -936.076508195
12.168000000 -936.527529244
12.176000000 -936.976093648
12.184000000 -937.422211916
12.192000000 -937.865894531
12.200000000 -938.307151960
12.208000000 -938.745994645
12.216000000 -939.182433007
12.224000000 -939.616477445
12.232000000 -940.048138336
12.240000000 -940.477426034
12.248000000 -940.904350867
12.256000000 -941.328923143
12.264000000 -941.751153145
12.272000000 -942.171051129
12.280000000 -942.588627330
12.288000000 -943.003891956
12.296000000 -943.416855191
12.304000000 -943.827527192
12.312000000 -944.235918091
12.320000000 -944.642037994
12.328000000 -945.045896980
12.336000000 -945.447505101
12.344000000 -945.846872382
12.352000000 -946.244008822
12.360000000 -946.638924390
12.368000000 -947.031629028
12.376000000 -947.422132651
12.384000000 -947.810445145
12.392000000 -948.196576365
12.400000000 -948.580536139
12.408000000 -948.962334266
12.416000000 -949.341980514
12.424000000 -949.719484623
12.432000000 -950.094856301
12.440000000 -950.468105225
12.448000000 -950.839241045
12.456000000 -951.208273377
12.464000000 -951.575211806
12.472000000 -951.940065888
12.480000000 -952.302845144
12.488000000 -952.663559065
12.496000000 -953.022217112
12.504000000 -953.378828709
12.512000000 -953.733403251
12.520000000 -954.085950099
12.528000000 -954.436478582
12.536000000 -954.784997993
12.544000000 -955.131517596
12.552000000 -955.476046616
12.560000000 -955.818594249
12.568000000 -956.159169654
12.576000000 -956.497781957
12.584000000 -956.834440247
12.592000000 -957.169153583
12.600000000 -957.501930984
12.608000000 -957.832781436
12.616000000 -958.161713891
12.624000000 -958.488737262
12.632000000 -958.813860431
12.640000000 -959.137092239
12.648000000 -959.458441493
12.656000000 -959.777916965
12.664000000 -960.095527388
12.672000000 -960.411281460
12.680000000 -960.725187840
12.688000000 -961.037255153
12.696000000 -961.347491984
12.704000000 -961.655906880
12.712000000 -961.962508353
12.720000000 -962.267304875
12.728000000 -962.570304880
12.736000000 -962.871516764
12.744000000 -963.170948885
12.752000000 -963.468609562
12.760000000 -963.764507074
12.768000000 -964.058649662
12.776000000 -964.351045529
12.784000000 -964.641702836
12.792000000 -964.930629706
12.800000000 -965.217834221
12.808000000 -965.503324424
12.816000000 -965.787108318
12.824000000 -966.069193865
12.832000000 -966.349588987
12.840000000 -966.628301564
12.848000000 -966.905339437
12.856000000 -967.180710404
12.864000000 -967.454422222
12.872000000 -967.726482609
12.880000000 -967.996899238
12.888000000 -968.265679742
12.896000000 -968.532831711
12.904000000 -968.798362694
12.912000000 -969.062280196
12.920000000 -969.324591680
12.928000000 -969.585304568
12.936000000 -969.844426237
12.944000000 -970.101964020
12.952000000 -970.357925209
12.960000000 -970.612317050
12.968000000 -970.865146748
12.976000000 -971.116421462
12.984000000 -971.366148307
12.992000000 -971.614334355
13.000000000 -971.860986631
13.008000000 -972.106112117
13.016000000 -972.349717750
13.024000000 -972.591810421
13.032000000 -972.832396976
13.040000000 -973.071484217
13.048000000 -973.309078896
13.056000000 -973.545187724
13.064000000 -973.779817361
13.072000000 -974.012974425
13.080000000 -974.244665484
13.088000000 -974.474897060
13.096000000 -974.703675628
13.104000000 -974.931007616
13.112000000 -975.156899404
13.120000000 -975.381357325
13.128000000 -975.604387661
13.136000000 -975.825996650
13.144000000 -976.046190477
13.152000000 -976.264975282
13.160000000 -976.482357154
13.168000000 -976.698342133
13.176000000 -976.912936209
13.184000000 -977.126145322
13.192000000 -977.337975364
13.200000000 -977.548432174
13.208000000 -977.757521541
13.216000000 -977.965249204
13.224000000 -978.171620850
13.232000000 -978.376642115
13.240000000 -978.580318584
13.248000000 -978.782655787
13.256000000 -978.983659204
13.264000000 -979.183334263
13.272000000 -979.381686338
13.280000000 -979.578720747
13.288000000 -979.774442760
13.296000000 -979.968857589
13.304000000 -980.161970393
13.312000000 -980.353786276
13.320000000 -980.544310287
13.328000000 -980.733547420
13.336000000 -980.921502615
13.344000000 -981.108180753
13.352000000 -981.293586661
13.360000000 -981.477725108
13.368000000 -981.660600808
13.376000000 -981.842218414
13.384000000 -982.022582524
13.392000000 -982.201697677
13.400000000 -982.379568354
13.408000000 -982.556198975
13.416000000 -982.731593904
13.424000000 -982.905757442
13.432000000 -983.078693832
13.440000000 -983.250407254
13.448000000 -983.420901829
13.456000000 -983.590181615
13.464000000 -983.758250609
13.472000000 -983.925112745
13.480000000 -984.090771894
13.488000000 -984.255231865
13.496000000 -984.418496400
13.504000000 -984.580569180
13.512000000 -984.741453818
13.520000000 -984.901153865
13.528000000 -985.059672803
13.536000000 -985.217014049
13.544000000 -985.373180952
13.552000000 -985.528176796
13.560000000 -985.682004794
13.568000000 -985.834668092
13.576000000 -985.986169765
13.584000000 -986.136512821
13.592000000 -986.285700195
13.600000000 -986.433734752
13.608000000 -986.580619286
13.616000000 -986.726356517
13.624000000 -986.870949093
13.632000000 -987.014399590
13.640000000 -987.156710508
13.648000000 -987.297884272
13.656000000 -987.437923232
13.664000000 -987.576829661
13.672000000 -987.714605757
13.680000000 -987.851253638
13.688000000 -987.986775344
13.696000000 -988.121172838
13.704000000 -988.254448000
13.712000000 -988.386602631
13.720000000 -988.517638451
13.728000000 -988.647557096
13.736000000 -988.776360120
13.744000000 -988.904048993
13.752000000 -989.030625101
13.760000000 -989.156089742
13.768000000 -989.280444130
13.776000000 -989.403689391
13.784000000 -989.525826562
13.792000000 -989.646856591
13.800000000 -989.766780337
13.808000000 -989.885598565
13.816000000 -990.003311953
13.824000000 -990.119921080
13.832000000 -990.235426436
13.840000000 -990.349828414
13.848000000 -990.463127311
13.856000000 -990.575323326
13.864000000 -990.686416561
13.872000000 -990.796407019
13.880000000 -990.905294602
13.888000000 -991.013079111
13.896000000 -991.119760244
13.904000000 -991.225337595
13.912000000 -991.329810654
13.920000000 -991.433178804
13.928000000 -991.535441322
13.936000000 -991.636597374
13.944000000 -991.736646018
13.952000000 -991.835586201
13.960000000 -991.933416757
13.968000000 -992.030136406
13.976000000 -992.125743753
13.984000000 -992.220237287
13.992000000 -992.313615379
14.000000000 -992.405876281
14.008000000 -992.497018123
14.016000000 -992.587038914
14.024000000 -992.675936540
14.032000000 -992.763708760
14.040000000 -992.850353208
14.048000000 -992.935867388
14.056000000 -993.020248676
14.064000000 -993.103494316
14.072000000 -993.185601418
14.080000000 -993.266566958
14.088000000 -993.346387776
14.096000000 -993.425060573
14.104000000 -993.502581909
14.112000000 -993.578948206
14.120000000 -993.654155738
14.128000000 -993.728200637
14.136000000 -993.801078887
14.144000000 -993.872786321
14.152000000 -993.943318624
14.160000000 -994.012671325
14.168000000 -994.080839801
14.176000000 -994.147819270
14.184000000 -994.213604791
14.192000000 -994.278191262
14.200000000 -994.341573419
14.208000000 -994.403745832
14.216000000 -994.464702901
14.224000000 -994.524438860
14.232000000 -994.582947769
14.240000000 -994.640223513
14.248000000 -994.696259802
14.256000000 -994.751050164
14.264000000 -994.804587950
14.272000000 -994.856866322
14.280000000 -994.907878260
14.288000000 -994.957616552
14.296000000 -995.006073795
14.304000000 -995.053242394
14.312000000 -995.099114555
14.320000000 -995.143682284
14.328000000 -995.186937388
14.336000000 -995.228871465
14.344000000 -995.269475910
14.352000000 -995.308741902
14.360000000 -995.346660410
14.368000000 -995.383222186
14.376000000 -995.418417762
14.384000000 -995.452237448
14.392000000 -995.484671327
14.400000000 -995.515709255
14.408000000 -995.545340855
14.416000000 -995.573555516
14.424000000 -995.600342386
14.432000000 -995.625690375
14.440000000 -995.649588144
14.448000000 -995.672024109
14.456000000 -995.692986430
14.464000000 -995.712463015
14.472000000 -995.730441511
14.480000000 -995.746909302
14.488000000 -995.761853507
14.496000000 -995.775260971
14.504000000 -995.787118270
14.512000000 -995.797411697
14.520000000 -995.806127266
14.528000000 -995.813250705
14.536000000 -995.818767451
14.544000000 -995.822662647
14.552000000 -995.824921138
14.560000000 -995.825527467
14.568000000 -995.824465868
14.576000000 -995.821720266
14.584000000 -995.817274271
14.592000000 -995.811111170
14.600000000 -995.803213927
14.608000000 -995.793565178
14.616000000 -995.782147222
14.624000000 -995.768942023
14.632000000 -995.753931197
14.640000000 -995.737096016
14.648000000 -995.718417395
14.656000000 -995.697875894
14.664000000 -995.675451705
14.672000000 -995.651124655
14.680000000 -995.624874196
14.688000000 -995.596679399
14.696000000 -995.566518953
14.704000000 -995.534371155
14.712000000 -995.500213906
14.720000000 -995.464024706
14.728000000 -995.425780647
14.736000000 -995.385458411
14.744000000 -995.343034257
14.752000000 -995.298484023
14.760000000 -995.251783112
14.768000000 -995.202906493
14.776000000 -995.151828692
14.784000000 -995.098523785
14.792000000 -995.042965389
14.800000000 -994.985126664
14.808000000 -994.924980297
14.816000000 -994.862498500
14.824000000 -994.797653005
14.832000000 -994.730415054
14.840000000 -994.660755390
14.848000000 -994.588644256
14.856000000 -994.514051385
14.864000000 -994.436945991
14.872000000 -994.357296764
14.880000000 -994.275071862
14.888000000 -994.190238904
14.896000000 -994.102764962
14.904000000 -994.012616552
14.912000000 -993.919759629
14.920000000 -993.824159576
14.928000000 -993.725781200
14.936000000 -993.624588718
14.944000000 -993.520545757
14.952000000 -993.413615337
14.960000000 -993.303759870
14.968000000 -993.190941147
14.976000000 -993.075120330
14.984000000 -992.956257945
14.992000000 -992.834313873
15.000000000 -992.709247339
15.008000000 -992.581016904
15.016000000 -992.449580460
15.024000000 -992.314895212
15.032000000 -992.176917678
15.040000000 -992.035603674
15.048000000 -991.890908305
15.056000000 -991.742785957
15.064000000 -991.591190288
15.072000000 -991.436074214
15.080000000 -991.277389903
15.088000000 -991.115088766
15.096000000 -990.949121440
15.104000000 -990.779437787
15.112000000 -990.605986875
15.120000000 -990.428716973
15.128000000 -990.247575541
15.136000000 -990.062509213
15.144000000 -989.873463793
15.152000000 -989.680384242
15.160000000 -989.483214664
15.168000000 -989.281898299
15.176000000 -989.076377509
15.184000000 -988.866593770
15.192000000 -988.652487655
15.200000000 -988.433998827
15.208000000 -988.211066028
15.216000000 -987.983627062
15.224000000 -987.751618790
15.232000000 -987.514977111
15.240000000 -987.273636956
15.248000000 -987.027532273
15.256000000 -986.776596015
15.264000000 -986.520760127
15.272000000 -986.259955534
15.280000000 -985.994112131
15.288000000 -985.723158767
15.296000000 -985.447023234
15.304000000 -985.165632252
15.312000000 -984.878911461
15.320000000 -984.586785403
15.328000000 -984.289177510
15.336000000 -983.986010096
15.344000000 -983.677204335
15.352000000 -983.362680255
15.360000000 -983.042356723
15.368000000 -982.716151430
15.376000000 -982.383980877
15.384000000 -982.045760366
15.392000000 -981.701403981
15.400000000 -981.350824579
15.408000000 -980.993933772
15.416000000 -980.630641919
15.424000000 -980.260858105
15.432000000 -979.884490136
15.440000000 -979.501444516
15.448000000 -979.111626442
15.456000000 -978.714939784
15.464000000 -978.311287073
15.472000000 -977.900569488
15.480000000 -977.482686844
15.488000000 -977.057537573
15.496000000 -976.625018716
15.504000000 -976.185025906
15.512000000 -975.737453353
15.520000000 -975.282193836
15.528000000 -974.819138684
15.536000000 -974.348177765
15.544000000 -973.869199471
15.552000000 -973.382090708
15.560000000 -972.886736878
15.568000000 -972.383021870
15.576000000 -971.870828044
15.584000000 -971.350036220
15.592000000 -970.820525665
15.600000000 -970.282174079
15.608000000 -969.734857582
15.616000000 -969.178450707
15.624000000 -968.612826380
15.632000000 -968.037855914
15.640000000 -967.453408994
15.648000000 -966.859353666
15.656000000 -966.255556328
15.664000000 -965.641881717
15.672000000 -965.018192897
15.680000000 -964.384351250
15.688000000 -963.740216467
15.696000000 -963.085646536
15.704000000 -962.420497733
15.712000000 -961.744624613
15.720000000 -961.057880001
15.728000000 -960.360114984
15.736000000 -959.651178903
15.744000000 -958.930919344
15.752000000 -958.199182133
15.760000000 -957.455811326
15.768000000 -956.700649207
15.776000000 -955.933536281
15.784000000 -955.154311265
15.792000000 -954.362811088
15.800000000 -953.558870888
15.808000000 -952.742324002
15.816000000 -951.913001971
15.824000000 -951.070734532
15.832000000 -950.215349622
15.840000000 -949.346673371
15.848000000 -948.464530109
15.856000000 -947.568742362
15.864000000 -946.659130856
15.872000000 -945.735514518
15.880000000 -944.797710483
15.888000000 -943.845534094
15.896000000 -942.878798910
15.904000000 -941.897316712
15.912000000 -940.900897511
15.920000000 -939.889349555
15.928000000 -938.862479339
15.936000000 -937.820091618
15.944000000 -936.761989414
15.952000000 -935.687974035
15.960000000 -934.597845086
15.968000000 -933.491400484
15.976000000 -932.368436477
15.984000000 -931.228747663
15.992000000 -930.072127008
16.000000000 -928.898365867
16.008000000 -927.707254010
16.016000000 -926.498579643
16.024000000 -925.272129435
16.032000000 -924.027688550
16.040000000 -922.765040670
16.048000000 -921.483968029
16.056000000 -920.184251448
16.064000000 -918.865670369
16.072000000 -917.528002888
16.080000000 -916.171025802
16.088000000 -914.794514643
16.096000000 -913.398243722
16.104000000 -911.981986179
16.112000000 -910.545514025
16.120000000 -909.088598194
16.128000000 -907.611008598
16.136000000 -906.112514173
16.144000000 -904.592882947
16.152000000 -903.051882091
16.160000000 -901.489277983
16.168000000 -899.904836277
16.176000000 -898.298321964
16.184000000 -896.669499444
16.192000000 -895.018132603
16.200000000 -893.343984883
16.208000000 -891.646819365
16.216000000 -889.926398846
16.224000000 -888.182485930
16.232000000 -886.414843110
16.240000000 -884.623232864
16.248000000 -882.807417744
16.256000000 -880.967160478
16.264000000 -879.102224069
16.272000000 -877.212371901
16.280000000 -875.297367844
16.288000000 -873.356976367
16.296000000 -871.390962654
16.304000000 -869.399092722
16.312000000 -867.381133541
16.320000000 -865.336853163
16.328000000 -863.266020852
16.336000000 -861.168407215
16.344000000 -859.043784343
16.352000000 -856.891925948
16.360000000 -854.712607515
16.368000000 -852.505606445
16.376000000 -850.270702213
16.384000000 -848.007676524
16.392000000 -845.716313476
16.400000000 -843.396399725
16.408000000 -841.047724654
16.416000000 -838.670080551
16.424000000 -836.263262783
16.432000000 -833.827069985
16.440000000 -831.361304239
16.448000000 -828.865771273
16.456000000 -826.340280653
16.464000000 -823.784645980
16.472000000 -821.198685101
16.480000000 -818.582220311
16.488000000 -815.935078567
16.496000000 -813.257091706
16.504000000 -810.548096665
16.512000000 -807.807935705
16.520000000 -805.036456639
16.528000000 -802.233513066
16.536000000 -799.398964607
16.544000000 -796.532677145
16.552000000 -793.634523068
16.560000000 -790.704381519
16.568000000 -787.742138645
16.576000000 -784.747687851
16.584000000 -781.720930060
16.592000000 -778.661773971
16.600000000 -775.570136324
16.608000000 -772.445942168
16.616000000 -769.289125129
16.624000000 -766.099627678
16.632000000 -762.877401412
16.640000000 -759.622407327
16.648000000 -756.334616090
16.656000000 -753.014008330
16.664000000 -749.660574909
16.672000000 -746.274317208
16.680000000 -742.855247407
16.688000000 -739.403388775
16.696000000 -735.918775944
16.704000000 -732.401455200
16.712000000 -728.851484762
16.720000000 -725.268935066
16.728000000 -721.653889044
16.736000000 -718.006442406
16.744000000 -714.326703916
16.752000000 -710.614795669
16.760000000 -706.870853361
16.768000000 -703.095026560
16.776000000 -699.287478972
16.784000000 -695.448388700
16.792000000 -691.577948506
16.800000000 -687.676366058
16.808000000 -683.743864177
16.816000000 -679.780681081
16.824000000 -675.787070612
16.832000000 -671.763302467
16.840000000 -667.709662415
16.848000000 -663.626452503
16.856000000 -659.513991264
16.864000000 -655.372613901
16.872000000 -651.202672470
16.880000000 -647.004536050
16.888000000 -642.778590903
16.896000000 -638.525240616
16.904000000 -634.244906236
16.912000000 -629.938026391
16.920000000 -625.605057391
16.928000000 -621.246473321
16.936000000 -616.862766118
16.944000000 -612.454445624
16.952000000 -608.022039631
16.960000000 -603.566093904
16.968000000 -599.087172185
16.976000000 -594.585856181
16.984000000 -590.062745533
16.992000000 -585.518457758
17.000000000 -580.953628175
17.008000000 -576.368909813
17.016000000 -571.764973291
17.024000000 -567.142506673
17.032000000 -562.502215311
17.040000000 -557.844821651
17.048000000 -553.171065023
17.056000000 -548.481701402
17.064000000 -543.777503149
17.072000000 -539.059258716
17.080000000 -534.327772339
17.088000000 -529.583863688
17.096000000 -524.828367509
17.104000000 -520.062133218
17.112000000 -515.286024488
17.120000000 -510.500918792
17.128000000 -505.707706931
17.136000000 -500.907292525
17.144000000 -496.100591482
17.152000000 -491.288531437
17.160000000 -486.472051165
17.168000000 -481.652099965
17.176000000 -476.829637022
17.184000000 -472.005630733
17.192000000 -467.181058018
17.200000000 -462.356903594
17.208000000 -457.534159237
17.216000000 -452.713823008
17.224000000 -447.896898460
17.232000000 -443.084393824
17.240000000 -438.277321168
17.248000000 -433.476695544
17.256000000 -428.683534104
17.264000000 -423.898855205
17.272000000 -419.123677495
17.280000000 -414.359018981
17.288000000 -409.605896087
17.296000000 -404.865322690
17.304000000 -400.138309159
17.312000000 -395.425861365
17.320000000 -390.728979702
17.328000000 -386.048658090
17.336000000 -381.385882976
17.344000000 -376.741632332
17.352000000 -372.116874659
17.360000000 -367.512567985
17.368000000 -362.929658866
17.376000000 -358.369081403
17.384000000 -353.831756257
17.392000000 -349.318589678
17.400000000 -344.830472549
17.408000000 -340.368279443
17.416000000 -335.932867695
17.424000000 -331.525076502
17.432000000 -327.145726032
17.440000000 -322.795616570
17.448000000 -318.475527687
17.456000000 -314.186217428
17.464000000 -309.928421550
17.472000000 -305.702852774
17.480000000 -301.510200086
17.488000000 -297.351128069
17.496000000 -293.226276277
17.504000000 -289.136258646
17.512000000 -285.081662954
17.520000000 -281.063050320
17.528000000 -277.080954754
17.536000000 -273.135882752
17.544000000 -269.228312937
17.552000000 -265.358695757
17.560000000 -261.527453227
17.568000000 -257.734978726
17.576000000 -253.981636847
17.584000000 -250.267763299
17.592000000 -246.593664857
17.600000000 -242.959619377
17.608000000 -239.365875851
17.616000000 -235.812654525
17.624000000 -232.300147064
17.632000000 -228.828516768
17.640000000 -225.397898846
17.648000000 -222.008400731
17.656000000 -218.660102447
17.664000000 -215.353057030
17.672000000 -212.087290982
17.680000000 -208.862804783
17.688000000 -205.679573431
17.696000000 -202.537547038
17.704000000 -199.436651448
17.712000000 -196.376788903
17.720000000 -193.357838736
17.728000000 -190.379658098
17.736000000 -187.442082709
17.744000000 -184.544927638
17.752000000 -181.687988107
17.760000000 -178.871040308
17.768000000 -176.093842244
17.776000000 -173.356134578
17.784000000 -170.657641500
17.792000000 -167.998071595
17.800000000 -165.377118721
17.808000000 -162.794462885
17.816000000 -160.249771122
17.824000000 -157.742698373
17.832000000 -155.272888349
17.840000000 -152.839974391
17.848000000 -150.443580325
17.856000000 -148.083321293
17.864000000 -145.758804572
17.872000000 -143.469630384
17.880000000 -141.215392672
17.888000000 -138.995679864
17.896000000 -136.810075614
17.904000000 -134.658159514
17.912000000 -132.539507785
17.920000000 -130.453693937
17.928000000 -128.400289404
17.936000000 -126.378864151
17.944000000 -124.388987248
17.952000000 -122.430227422
17.960000000 -120.502153567
17.968000000 -118.604335239
17.976000000 -116.736343107
17.984000000 -114.897749388
17.992000000 -113.088128238
18.000000000 -111.307056127
18.008000000 -109.554112177
18.016000000 -107.828878478
18.024000000 -106.130940373
18.032000000 -104.459886720
18.040000000 -102.815310124
18.048000000 -101.196807153
18.056000000 -99.603978526
18.064000000 -98.036429274
18.072000000 -96.493768891
18.080000000 -94.975611457
18.088000000 -93.481575747
18.096000000 -92.011285319
18.104000000 -90.564368589
18.112000000 -89.140458888
18.120000000 -87.739194509
18.128000000 -86.360218736
18.136000000 -85.003179865
18.144000000 -83.667731215
18.152000000 -82.353531124
18.160000000 -81.060242942
18.168000000 -79.787535012
18.176000000 -78.535080648
18.184000000 -77.302558101
18.192000000 -76.089650525
18.200000000 -74.896045935
18.208000000 -73.721437162
18.216000000 -72.565521803
18.224000000 -71.428002171
18.232000000 -70.308585236
18.240000000 -69.206982574
18.248000000 -68.122910304
18.256000000 -67.056089028
18.264000000 -66.006243774
18.272000000 -64.973103930
18.280000000 -63.956403182
18.288000000 -62.955879454
18.296000000 -61.971274844
18.304000000 -61.002335559
18.312000000 -60.048811856
18.320000000 -59.110457980
18.328000000 -58.187032096
18.336000000 -57.278296237
18.344000000 -56.384016237
18.352000000 -55.503961672
18.360000000 -54.637905804
18.368000000 -53.785625520
18.376000000 -52.946901271
18.384000000 -52.121517024
18.392000000 -51.309260195
18.400000000 -50.509921605
18.408000000 -49.723295413
18.416000000 -48.949179076
18.424000000 -48.187373283
18.432000000 -47.437681914
18.440000000 -46.699911981
18.448000000 -45.973873582
18.456000000 -45.259379850
18.464000000 -44.556246903
18.472000000 -43.864293800
18.480000000 -43.183342489
18.488000000 -42.513217762
18.496000000 -41.853747213
18.504000000 -41.204761186
18.512000000 -40.566092738
18.520000000 -39.937577590
18.528000000 -39.319054087
18.536000000 -38.710363156
18.544000000 -38.111348263
18.552000000 -37.521855374
18.560000000 -36.941732911
18.568000000 -36.370831719
18.576000000 -35.809005023
18.584000000 -35.256108387
18.592000000 -34.711999685
18.600000000 -34.176539055
18.608000000 -33.649588867
18.616000000 -33.131013690
18.624000000 -32.620680249
18.632000000 -32.118457398
18.640000000 -31.624216082
18.648000000 -31.137829304
18.656000000 -30.659172092
18.664000000 -30.188121468
18.672000000 -29.724556415
18.680000000 -29.268357844
18.688000000 -28.819408566
18.696000000 -28.377593261
18.704000000 -27.942798446
18.712000000 -27.514912447
18.720000000 -27.093825370
18.728000000 -26.679429074
18.736000000 -26.271617139
18.744000000 -25.870284844
18.752000000 -25.475329133
18.760000000 -25.086648596
18.768000000 -24.704143437
18.776000000 -24.327715449
18.784000000 -23.957267991
18.792000000 -23.592705962
18.800000000 -23.233935774
18.808000000 -22.880865331
18.816000000 -22.533404005
18.824000000 -22.191462609
18.832000000 -21.854953378
18.840000000 -21.523789945
18.848000000 -21.197887317
18.856000000 -20.877161855
18.864000000 -20.561531253
18.872000000 -20.250914513
18.880000000 -19.945231930
18.888000000 -19.644405065
18.896000000 -19.348356729
18.904000000 -19.057010961
18.912000000 -18.770293011
18.920000000 -18.488129317
18.928000000 -18.210447489
18.936000000 -17.937176289
18.944000000 -17.668245612
18.952000000 -17.403586470
18.960000000 -17.143130972
18.968000000 -16.886812307
18.976000000 -16.634564729
18.984000000 -16.386323537
18.992000000 -16.142025060
19.000000000 -15.901606638
19.008000000 -15.665006611
19.016000000 -15.432164299
19.024000000 -15.203019986
19.032000000 -14.977514909
19.040000000 -14.755591236
19.048000000 -14.537192058
19.056000000 -14.322261370
19.064000000 -14.110744058
19.072000000 -13.902585885
19.080000000 -13.697733477
19.088000000 -13.496134308
19.096000000 -13.297736688
19.104000000 -13.102489748
19.112000000 -12.910343430
19.120000000 -12.721248470
19.128000000 -12.535156390
19.136000000 -12.352019481
19.144000000 -12.171790792
19.152000000 -11.994424121
19.160000000 -11.819873998
19.168000000 -11.648095678
19.176000000 -11.479045127
19.184000000 -11.312679011
19.192000000 -11.148954684
19.200000000 -10.987830180
19.208000000 -10.829264199
19.216000000 -10.673216097
19.224000000 -10.519645877
19.232000000 -10.368514179
19.240000000 -10.219782265
19.248000000 -10.073412018
19.256000000 -9.929365922
19.264000000 -9.787607060
19.272000000 -9.648099102
19.280000000 -9.510806295
19.288000000 -9.375693453
19.296000000 -9.242725950
19.304000000 -9.111869712
19.312000000 -8.983091205
19.320000000 -8.856357428
19.328000000 -8.731635904
19.336000000 -8.608894674
19.344000000 -8.488102285
19.352000000 -8.369227785
19.360000000 -8.252240713
19.368000000 -8.137111093
19.376000000 -8.023809425
19.384000000 -7.912306678
19.392000000 -7.802574281
19.400000000 -7.694584119
19.408000000 -7.588308522
19.416000000 -7.483720262
19.424000000 -7.380792541
19.432000000 -7.279498987
19.440000000 -7.179813650
19.448000000 -7.081710989
19.456000000 -6.985165870
19.464000000 -6.890153560
19.472000000 -6.796649715
19.480000000 -6.704630382
19.488000000 -6.614071986
19.496000000 -6.524951327
19.504000000 -6.437245574
19.512000000 -6.350932259
19.520000000 -6.265989270
19.528000000 -6.182394847
19.536000000 -6.100127576
19.544000000 -6.019166381
19.552000000 -5.939490525
19.560000000 -5.861079595
19.568000000 -5.783913508
19.576000000 -5.707972495
19.584000000 -5.633237104
19.592000000 -5.559688191
19.600000000 -5.487306917
19.608000000 -5.416074741
19.616000000 -5.345973416
19.624000000 -5.276984988
19.632000000 -5.209091785
19.640000000 -5.142276417
19.648000000 -5.076521770
19.656000000 -5.011811001
19.664000000 -4.948127536
19.672000000 -4.885455064
19.680000000 -4.823777532
19.688000000 -4.763079143
19.696000000 -4.703344350
19.704000000 -4.644557854
19.712000000 -4.586704598
19.720000000 -4.529769765
19.728000000 -4.473738773
19.736000000 -4.418597271
19.744000000 -4.364331136
19.752000000 -4.310926471
19.760000000 -4.258369597
19.768000000 -4.206647055
19.776000000 -4.155745597
19.784000000 -4.105652187
19.792000000 -4.056353997
19.800000000 -4.007838401
19.808000000 -3.960092973
19.816000000 -3.913105486
19.824000000 -3.866863907
19.832000000 -3.821356394
19.840000000 -3.776571291
19.848000000 -3.732497130
19.856000000 -3.689122623
19.864000000 -3.646436663
19.872000000 -3.604428318
19.880000000 -3.563086831
19.888000000 -3.522401613
19.896000000 -3.482362247
19.904000000 -3.442958479
19.912000000 -3.404180217
19.920000000 -3.366017532
19.928000000 -3.328460651
19.936000000 -3.291499956
19.944000000 -3.255125982
19.952000000 -3.219329415
19.960000000 -3.184101088
19.968000000 -3.149431980
19.976000000 -3.115313213
19.984000000 -3.081736050
19.992000000 -3.048691892
20.000000000 -3.016172279
