-0.000000000 0.815151786
0.008000000 0.806246741
0.016000000 0.797529979
0.024000000 0.788997810
0.032000000 0.780646609
0.040000000 0.772472812
0.048000000 0.764472917
0.056000000 0.756643480
0.064000000 0.748981120
0.072000000 0.741482512
0.080000000 0.734144390
0.088000000 0.726963545
0.096000000 0.719936823
0.104000000 0.713061126
0.112000000 0.706333410
0.120000000 0.699750685
0.128000000 0.693310014
0.136000000 0.687008511
0.144000000 0.680843342
0.152000000 0.674811722
0.160000000 0.668910919
0.168000000 0.663138246
0.176000000 0.657491067
0.184000000 0.651966793
0.192000000 0.646562879
0.200000000 0.641276831
0.208000000 0.636106195
0.216000000 0.631048566
0.224000000 0.626101580
0.232000000 0.621262917
0.240000000 0.616530301
0.248000000 0.611901497
0.256000000 0.607374309
0.264000000 0.602946586
0.272000000 0.598616214
0.280000000 0.594381118
0.288000000 0.590239263
0.296000000 0.586188653
0.304000000 0.582227326
0.312000000 0.578353362
0.320000000 0.574564872
0.328000000 0.570860007
0.336000000 0.567236950
0.344000000 0.563693920
0.352000000 0.560229170
0.360000000 0.556840986
0.368000000 0.553527688
0.376000000 0.550287626
0.384000000 0.547119184
0.392000000 0.544020775
0.400000000 0.540990846
0.408000000 0.538027871
0.416000000 0.535130356
0.424000000 0.532296833
0.432000000 0.529525867
0.440000000 0.526816047
0.448000000 0.524165993
0.456000000 0.521574351
0.464000000 0.519039791
0.472000000 0.516561014
0.480000000 0.514136744
0.488000000 0.511765731
0.496000000 0.509446748
0.504000000 0.507178596
0.512000000 0.504960096
0.520000000 0.502790096
0.528000000 0.500667466
0.536000000 0.498591097
0.544000000 0.496559904
0.552000000 0.494572823
0.560000000 0.492628813
0.568000000 0.490726852
0.576000000 0.488865940
0.584000000 0.487045096
0.592000000 0.485263360
0.600000000 0.483519792
0.608000000 0.481813469
0.616000000 0.480143489
0.624000000 0.478508968
0.632000000 0.476909037
0.640000000 0.475342850
0.648000000 0.473809574
0.656000000 0.472308395
0.664000000 0.470838515
0.672000000 0.469399153
0.680000000 0.467989544
0.688000000 0.466608938
0.696000000 0.465256600
0.704000000 0.463931812
0.712000000 0.462633870
0.720000000 0.461362083
0.728000000 0.460115776
0.736000000 0.458894288
0.744000000 0.457696971
0.752000000 0.456523189
0.760000000 0.455372323
0.768000000 0.454243762
0.776000000 0.453136912
0.784000000 0.452051189
0.792000000 0.450986020
0.800000000 0.449940847
0.808000000 0.448915122
0.816000000 0.447908308
0.824000000 0.446919879
0.832000000 0.445949320
0.840000000 0.444996129
0.848000000 0.444059811
0.856000000 0.443139884
0.864000000 0.442235874
0.872000000 0.441347319
0.880000000 0.440473764
0.888000000 0.439614767
0.896000000 0.438769891
0.904000000 0.437938712
0.912000000 0.437120812
0.920000000 0.436315785
0.928000000 0.435523229
0.936000000 0.434742755
0.944000000 0.433973979
0.952000000 0.433216527
0.960000000 0.432470032
0.968000000 0.431734134
0.976000000 0.431008482
0.984000000 0.430292732
0.992000000 0.429586547
1.000000000 0.428889597
1.008000000 0.428201560
1.016000000 0.427522120
1.024000000 0.426850967
1.032000000 0.426187799
1.040000000 0.425532321
1.048000000 0.424884242
1.056000000 0.424243278
1.064000000 0.423609153
1.072000000 0.422981595
1.080000000 0.422360339
1.088000000 0.421745124
1.096000000 0.421135697
1.104000000 0.420531809
1.112000000 0.419933217
1.120000000 0.419339683
1.128000000 0.418750974
1.136000000 0.418166863
1.144000000 0.417587127
1.152000000 0.417011549
1.160000000 0.416439917
1.168000000 0.415872022
1.176000000 0.415307661
1.184000000 0.414746636
1.192000000 0.414188752
1.200000000 0.413633820
1.208000000 0.413081655
1.216000000 0.412532074
1.224000000 0.411984902
1.232000000 0.411439966
1.240000000 0.410897096
1.248000000 0.410356128
1.256000000 0.409816901
1.264000000 0.409279258
1.272000000 0.408743045
1.280000000 0.408208113
1.288000000 0.407674316
1.296000000 0.407141511
1.304000000 0.406609560
1.312000000 0.406078325
1.320000000 0.405547677
1.328000000 0.405017484
1.336000000 0.404487623
1.344000000 0.403957970
1.352000000 0.403428406
1.360000000 0.402898815
1.368000000 0.402369084
1.376000000 0.401839102
1.384000000 0.401308762
1.392000000 0.400777960
1.400000000 0.400246594
1.408000000 0.399714566
1.416000000 0.399181779
1.424000000 0.398648140
1.432000000 0.398113558
1.440000000 0.397577945
1.448000000 0.397041215
1.456000000 0.396503286
1.464000000 0.395964076
1.472000000 0.395423507
1.480000000 0.394881505
1.488000000 0.394337993
1.496000000 0.393792903
1.504000000 0.393246165
1.512000000 0.392697711
1.520000000 0.392147477
1.528000000 0.391595402
1.536000000 0.391041424
1.544000000 0.390485485
1.552000000 0.389927529
1.560000000 0.389367501
1.568000000 0.388805350
1.576000000 0.388241025
1.584000000 0.387674477
1.592000000 0.387105659
1.600000000 0.386534527
1.608000000 0.385961038
1.616000000 0.385385151
1.624000000 0.384806825
1.632000000 0.384226023
1.640000000 0.383642709
1.648000000 0.383056848
1.656000000 0.382468406
1.664000000 0.381877354
1.672000000 0.381283660
1.680000000 0.380687297
1.688000000 0.380088237
1.696000000 0.379486456
1.704000000 0.378881928
1.712000000 0.378274633
1.720000000 0.377664547
1.728000000 0.377051652
1.736000000 0.376435929
1.744000000 0.375817361
1.752000000 0.375195932
1.760000000 0.374571627
1.768000000 0.373944432
1.776000000 0.373314336
1.784000000 0.372681328
1.792000000 0.372045397
1.800000000 0.371406535
1.808000000 0.370764734
1.816000000 0.370119987
1.824000000 0.369472289
1.832000000 0.368821636
1.840000000 0.368168024
1.848000000 0.367511450
1.856000000 0.366851914
1.864000000 0.366189414
1.872000000 0.365523951
1.880000000 0.364855527
1.888000000 0.364184144
1.896000000 0.363509804
1.904000000 0.362832513
1.912000000 0.362152274
1.920000000 0.361469093
1.928000000 0.360782977
1.936000000 0.360093934
1.944000000 0.359401971
1.952000000 0.358707096
1.960000000 0.358009320
1.968000000 0.357308653
1.976000000 0.356605106
1.984000000 0.355898690
1.992000000 0.355189417
2.000000000 0.354477301
2.008000000 0.353762356
2.016000000 0.353044594
2.024000000 0.352324032
2.032000000 0.351600684
2.040000000 0.350874567
2.048000000 0.350145697
2.056000000 0.349414091
2.064000000 0.348679767
2.072000000 0.347942743
2.080000000 0.347203037
2.088000000 0.346460669
2.096000000 0.345715657
2.104000000 0.344968024
2.112000000 0.344217787
2.120000000 0.343464970
2.128000000 0.342709593
2.136000000 0.341951677
2.144000000 0.341191245
2.152000000 0.340428320
2.160000000 0.339662924
2.168000000 0.338895081
2.176000000 0.338124814
2.184000000 0.337352147
2.192000000 0.336577106
2.200000000 0.335799713
2.208000000 0.335019994
2.216000000 0.334237975
2.224000000 0.333453681
2.232000000 0.332667137
2.240000000 0.331878370
2.248000000 0.331087406
2.256000000 0.330294271
2.264000000 0.329498993
2.272000000 0.328701598
2.280000000 0.327902113
2.288000000 0.327100567
2.296000000 0.326296985
2.304000000 0.325491398
2.312000000 0.324683831
2.320000000 0.323874314
2.328000000 0.323062875
2.336000000 0.322249542
2.344000000 0.321434344
2.352000000 0.320617309
2.360000000 0.319798467
2.368000000 0.318977847
2.376000000 0.318155477
2.384000000 0.317331387
2.392000000 0.316505606
2.400000000 0.315678164
2.408000000 0.314849090
2.416000000 0.314018414
2.424000000 0.313186165
2.432000000 0.312352373
2.440000000 0.311517068
2.448000000 0.310680280
2.456000000 0.309842038
2.464000000 0.309002373
2.472000000 0.308161314
2.480000000 0.307318892
2.488000000 0.306475137
2.496000000 0.305630077
2.504000000 0.304783745
2.512000000 0.303936168
2.520000000 0.303087379
2.528000000 0.302237406
2.536000000 0.301386280
2.544000000 0.300534030
2.552000000 0.299680687
2.560000000 0.298826281
2.568000000 0.297970841
2.576000000 0.297114398
2.584000000 0.296256981
2.592000000 0.295398620
2.600000000 0.294539345
2.608000000 0.293679185
2.616000000 0.292818171
2.624000000 0.291956331
2.632000000 0.291093696
2.640000000 0.290230295
2.648000000 0.289366157
2.656000000 0.288501312
2.664000000 0.287635788
2.672000000 0.286769616
2.680000000 0.285902823
2.688000000 0.285035440
2.696000000 0.284167494
2.704000000 0.283299015
2.712000000 0.282430031
2.720000000 0.281560571
2.728000000 0.280690664
2.736000000 0.279820337
2.744000000 0.278949620
2.752000000 0.278078540
2.760000000 0.277207125
2.768000000 0.276335403
2.776000000 0.275463402
2.784000000 0.274591149
2.792000000 0.273718673
2.800000000 0.272846001
2.808000000 0.271973159
2.816000000 0.271100175
2.824000000 0.270227077
2.832000000 0.269353890
2.840000000 0.268480642
2.848000000 0.267607359
2.856000000 0.266734068
2.864000000 0.265860794
2.872000000 0.264987565
2.880000000 0.264114406
2.888000000 0.263241343
2.896000000 0.262368402
2.904000000 0.261495608
2.912000000 0.260622986
2.920000000 0.259750563
2.928000000 0.258878362
2.936000000 0.258006410
2.944000000 0.257134730
2.952000000 0.256263347
2.960000000 0.255392286
2.968000000 0.254521571
2.976000000 0.253651226
2.984000000 0.252781276
2.992000000 0.251911743
3.000000000 0.251042651
3.008000000 0.250174024
3.016000000 0.249305886
3.024000000 0.248438258
3.032000000 0.247571165
3.040000000 0.246704629
3.048000000 0.245838672
3.056000000 0.244973318
3.064000000 0.244108587
3.072000000 0.243244502
3.080000000 0.242381086
3.088000000 0.241518359
3.096000000 0.240656344
3.104000000 0.239795061
3.112000000 0.238934532
3.120000000 0.238074778
3.128000000 0.237215820
3.136000000 0.236357678
3.144000000 0.235500372
3.152000000 0.234643924
3.160000000 0.233788353
3.168000000 0.232933678
3.176000000 0.232079921
3.184000000 0.231227100
3.192000000 0.230375235
3.200000000 0.229524344
3.208000000 0.228674448
3.216000000 0.227825564
3.224000000 0.226977712
3.232000000 0.226130909
3.240000000 0.225285175
3.248000000 0.224440527
3.256000000 0.223596984
3.264000000 0.222754562
3.272000000 0.221913280
3.280000000 0.221073155
3.288000000 0.220234205
3.296000000 0.219396445
3.304000000 0.218559894
3.312000000 0.217724568
3.320000000 0.216890483
3.328000000 0.216057655
3.336000000 0.215226102
3.344000000 0.214395838
3.352000000 0.213566879
3.360000000 0.212739242
3.368000000 0.211912942
3.376000000 0.211087993
3.384000000 0.210264411
3.392000000 0.209442212
3.400000000 0.208621408
3.408000000 0.207802017
3.416000000 0.206984050
3.424000000 0.206167523
3.432000000 0.205352451
3.440000000 0.204538846
3.448000000 0.203726722
3.456000000 0.202916093
3.464000000 0.202106973
3.472000000 0.201299374
3.480000000 0.200493309
3.488000000 0.199688792
3.496000000 0.198885835
3.504000000 0.198084450
3.512000000 0.197284650
3.520000000 0.196486448
3.528000000 0.195689854
3.536000000 0.194894881
3.544000000 0.194101541
3.552000000 0.193309845
3.560000000 0.192519805
3.568000000 0.191731431
3.576000000 0.190944735
3.584000000 0.190159727
3.592000000 0.189376419
3.600000000 0.188594820
3.608000000 0.187814942
3.616000000 0.187036794
3.624000000 0.186260387
3.632000000 0.185485731
3.640000000 0.184712834
3.648000000 0.183941708
3.656000000 0.183172360
3.664000000 0.182404802
3.672000000 0.181639041
3.680000000 0.180875086
3.688000000 0.180112948
3.696000000 0.179352634
3.704000000 0.178594152
3.712000000 0.177837512
3.720000000 0.177082722
3.728000000 0.176329789
3.736000000 0.175578722
3.744000000 0.174829528
3.752000000 0.174082215
3.760000000 0.173336791
3.768000000 0.172593263
3.776000000 0.171851638
3.784000000 0.171111924
3.792000000 0.170374127
3.800000000 0.169638254
3.808000000 0.168904312
3.816000000 0.168172308
3.824000000 0.167442247
3.832000000 0.166714136
3.840000000 0.165987982
3.848000000 0.165263790
3.856000000 0.164541566
3.864000000 0.163821316
3.872000000 0.163103046
3.880000000 0.162386760
3.888000000 0.161672465
3.896000000 0.160960166
3.904000000 0.160249867
3.912000000 0.159541574
3.920000000 0.158835292
3.928000000 0.158131025
3.936000000 0.157428778
3.944000000 0.156728555
3.952000000 0.156030361
3.960000000 0.155334200
3.968000000 0.154640076
3.976000000 0.153947993
3.984000000 0.153257955
3.992000000 0.152569966
4.000000000 0.151884029
4.008000000 0.151200149
4.016000000 0.150518327
4.024000000 0.149838568
4.032000000 0.149160876
4.040000000 0.148485252
4.048000000 0.147811700
4.056000000 0.147140222
4.064000000 0.146470823
4.072000000 0.145803503
4.080000000 0.145138266
4.088000000 0.144475115
4.096000000 0.143814050
4.104000000 0.143155076
4.112000000 0.142498193
4.120000000 0.141843404
4.128000000 0.141190711
4.136000000 0.140540115
4.144000000 0.139891619
4.152000000 0.139245223
4.160000000 0.138600930
4.168000000 0.137958740
4.176000000 0.137318656
4.184000000 0.136680677
4.192000000 0.136044807
4.200000000 0.135411044
4.208000000 0.134779392
4.216000000 0.134149849
4.224000000 0.133522417
4.232000000 0.132897097
4.240000000 0.132273890
4.248000000 0.131652795
4.256000000 0.131033813
4.264000000 0.130416944
4.272000000 0.129802189
4.280000000 0.129189548
4.288000000 0.128579021
4.296000000 0.127970608
4.304000000 0.127364308
4.312000000 0.126760122
4.320000000 0.126158049
4.328000000 0.125558089
4.336000000 0.124960241
4.344000000 0.124364505
4.352000000 0.123770881
4.360000000 0.123179367
4.368000000 0.122589963
4.376000000 0.122002668
4.384000000 0.121417481
4.392000000 0.120834402
4.400000000 0.120253428
4.408000000 0.119674559
4.416000000 0.119097795
4.424000000 0.118523133
4.432000000 0.117950572
4.440000000 0.117380111
4.448000000 0.116811748
4.456000000 0.116245482
4.464000000 0.115681311
4.472000000 0.115119233
4.480000000 0.114559248
4.488000000 0.114001352
4.496000000 0.113445545
4.504000000 0.112891823
4.512000000 0.112340186
4.520000000 0.111790631
4.528000000 0.111243156
4.536000000 0.110697758
4.544000000 0.110154436
4.552000000 0.109613188
4.560000000 0.109074010
4.568000000 0.108536901
4.576000000 0.108001858
4.584000000 0.107468878
4.592000000 0.106937959
4.600000000 0.106409098
4.608000000 0.105882293
4.616000000 0.105357541
4.624000000 0.104834839
4.632000000 0.104314184
4.640000000 0.103795573
4.648000000 0.103279003
4.656000000 0.102764472
4.664000000 0.102251976
4.672000000 0.101741512
4.680000000 0.101233077
4.688000000 0.100726668
4.696000000 0.100222281
4.704000000 0.099719914
4.712000000 0.099219562
4.720000000 0.098721223
4.728000000 0.098224893
4.736000000 0.097730569
4.744000000 0.097238246
4.752000000 0.096747923
4.760000000 0.096259594
4.768000000 0.095773256
4.776000000 0.095288906
4.784000000 0.094806540
4.792000000 0.094326154
4.800000000 0.093847745
4.808000000 0.093371308
4.816000000 0.092896839
4.824000000 0.092424335
4.832000000 0.091953792
4.840000000 0.091485206
4.848000000 0.091018572
4.856000000 0.090553887
4.864000000 0.090091147
4.872000000 0.089630347
4.880000000 0.089171484
4.888000000 0.088714552
4.896000000 0.088259549
4.904000000 0.087806469
4.912000000 0.087355308
4.920000000 0.086906062
4.928000000 0.086458727
4.936000000 0.086013299
4.944000000 0.085569772
4.952000000 0.085128143
4.960000000 0.084688406
4.968000000 0.084250559
4.976000000 0.083814595
4.984000000 0.083380510
4.992000000 0.082948301
5.000000000 0.082517962
5.008000000 0.082089488
5.016000000 0.081662876
5.024000000 0.081238119
5.032000000 0.080815215
5.040000000 0.080394157
5.048000000 0.079974942
5.056000000 0.079557564
5.064000000 0.079142019
5.072000000 0.078728301
5.080000000 0.078316407
5.088000000 0.077906331
5.096000000 0.077498068
5.104000000 0.077091613
5.112000000 0.076686962
5.120000000 0.076284110
5.128000000 0.075883051
5.136000000 0.075483782
5.144000000 0.075086295
5.152000000 0.074690588
5.160000000 0.074296654
5.168000000 0.073904489
5.176000000 0.073514088
5.184000000 0.073125445
5.192000000 0.072738556
5.200000000 0.072353416
5.208000000 0.071970018
5.216000000 0.071588359
5.224000000 0.071208433
5.232000000 0.070830235
5.240000000 0.070453760
5.248000000 0.070079003
5.256000000 0.069705958
5.264000000 0.069334621
5.272000000 0.068964985
5.280000000 0.068597046
5.288000000 0.068230800
5.296000000 0.067866239
5.304000000 0.067503360
5.312000000 0.067142157
5.320000000 0.066782624
5.328000000 0.066424757
5.336000000 0.066068550
5.344000000 0.065713998
5.352000000 0.065361095
5.360000000 0.065009837
5.368000000 0.064660218
5.376000000 0.064312232
5.384000000 0.063965875
5.392000000 0.063621141
5.400000000 0.063278024
5.408000000 0.062936520
5.416000000 0.062596623
5.424000000 0.062258327
5.432000000 0.061921628
5.440000000 0.061586520
5.448000000 0.061252998
5.456000000 0.060921055
5.464000000 0.060590688
5.472000000 0.060261890
5.480000000 0.059934656
5.488000000 0.059608981
5.496000000 0.059284860
5.504000000 0.058962286
5.512000000 0.058641255
5.520000000 0.058321761
5.528000000 0.058003799
5.536000000 0.057687364
5.544000000 0.057372450
5.552000000 0.057059051
5.560000000 0.056747163
5.568000000 0.056436779
5.576000000 0.056127896
5.584000000 0.055820506
5.592000000 0.055514605
5.600000000 0.055210188
5.608000000 0.054907248
5.616000000 0.054605781
5.624000000 0.054305782
5.632000000 0.054007244
5.640000000 0.053710163
5.648000000 0.053414533
5.656000000 0.053120349
5.664000000 0.052827605
5.672000000 0.052536296
5.680000000 0.052246416
5.688000000 0.051957961
5.696000000 0.051670925
5.704000000 0.051385303
5.712000000 0.051101089
5.720000000 0.050818277
5.728000000 0.050536864
5.736000000 0.050256842
5.744000000 0.049978207
5.752000000 0.049700954
5.760000000 0.049425078
5.768000000 0.049150572
5.776000000 0.048877431
5.784000000 0.048605651
5.792000000 0.048335227
5.800000000 0.048066151
5.808000000 0.047798421
5.816000000 0.047532029
5.824000000 0.047266971
5.832000000 0.047003242
5.840000000 0.046740837
5.848000000 0.046479749
5.856000000 0.046219974
5.864000000 0.045961507
5.872000000 0.045704343
5.880000000 0.045448475
5.888000000 0.045193899
5.896000000 0.044940611
5.904000000 0.044688603
5.912000000 0.044437873
5.920000000 0.044188413
5.928000000 0.043940219
5.936000000 0.043693286
5.944000000 0.043447609
5.952000000 0.043203182
5.960000000 0.042960001
5.968000000 0.042718060
5.976000000 0.042477354
5.984000000 0.042237878
5.992000000 0.041999627
6.000000000 0.041762596
6.008000000 0.041526780
6.016000000 0.041292173
6.024000000 0.041058771
6.032000000 0.040826568
6.040000000 0.040595560
6.048000000 0.040365741
6.056000000 0.040137107
6.064000000 0.039909652
6.072000000 0.039683372
6.080000000 0.039458261
6.088000000 0.039234314
6.096000000 0.039011527
6.104000000 0.038789894
6.112000000 0.038569411
6.120000000 0.038350073
6.128000000 0.038131874
6.136000000 0.037914811
6.144000000 0.037698876
6.152000000 0.037484067
6.160000000 0.037270379
6.168000000 0.037057805
6.176000000 0.036846341
6.184000000 0.036635984
6.192000000 0.036426727
6.200000000 0.036218565
6.208000000 0.036011495
6.216000000 0.035805511
6.224000000 0.035600609
6.232000000 0.035396783
6.240000000 0.035194029
6.248000000 0.034992342
6.256000000 0.034791718
6.264000000 0.034592152
6.272000000 0.034393638
6.280000000 0.034196173
6.288000000 0.033999752
6.296000000 0.033804369
6.304000000 0.033610021
6.312000000 0.033416702
6.320000000 0.033224408
6.328000000 0.033033135
6.336000000 0.032842877
6.344000000 0.032653631
6.352000000 0.032465391
6.360000000 0.032278153
6.368000000 0.032091913
6.376000000 0.031906666
6.384000000 0.031722407
6.392000000 0.031539131
6.400000000 0.031356835
6.408000000 0.031175514
6.416000000 0.030995164
6.424000000 0.030815779
6.432000000 0.030637356
6.440000000 0.030459890
6.448000000 0.030283376
6.456000000 0.030107810
6.464000000 0.029933189
6.472000000 0.029759507
6.480000000 0.029586759
6.488000000 0.029414943
6.496000000 0.029244053
6.504000000 0.029074084
6.512000000 0.028905034
6.520000000 0.028736897
6.528000000 0.028569669
6.536000000 0.028403346
6.544000000 0.028237923
6.552000000 0.028073397
6.560000000 0.027909763
6.568000000 0.027747017
6.576000000 0.027585154
6.584000000 0.027424171
6.592000000 0.027264063
6.600000000 0.027104826
6.608000000 0.026946457
6.616000000 0.026788950
6.624000000 0.026632302
6.632000000 0.026476509
6.640000000 0.026321566
6.648000000 0.026167470
6.656000000 0.026014216
6.664000000 0.025861800
6.672000000 0.025710219
6.680000000 0.025559468
6.688000000 0.025409543
6.696000000 0.025260441
6.704000000 0.025112157
6.712000000 0.024964687
6.720000000 0.024818028
6.728000000 0.024672175
6.736000000 0.024527125
6.744000000 0.024382874
6.752000000 0.024239417
6.760000000 0.024096751
6.768000000 0.023954872
6.776000000 0.023813776
6.784000000 0.023673460
6.792000000 0.023533919
6.800000000 0.023395150
6.808000000 0.023257149
6.816000000 0.023119911
6.824000000 0.022983435
6.832000000 0.022847714
6.840000000 0.022712747
6.848000000 0.022578529
6.856000000 0.022445056
6.864000000 0.022312325
6.872000000 0.022180332
6.880000000 0.022049073
6.888000000 0.021918546
6.896000000 0.021788745
6.904000000 0.021659667
6.912000000 0.021531310
6.920000000 0.021403669
6.928000000 0.021276740
6.936000000 0.021150521
6.944000000 0.021025007
6.952000000 0.020900195
6.960000000 0.020776082
6.968000000 0.020652664
6.976000000 0.020529937
6.984000000 0.020407898
6.992000000 0.020286543
7.000000000 0.020165870
7.008000000 0.020045874
7.016000000 0.019926553
7.024000000 0.019807902
7.032000000 0.019689919
7.040000000 0.019572599
7.048000000 0.019455941
7.056000000 0.019339939
7.064000000 0.019224592
7.072000000 0.019109894
7.080000000 0.018995845
7.088000000 0.018882439
7.096000000 0.018769674
7.104000000 0.018657546
7.112000000 0.018546052
7.120000000 0.018435189
7.128000000 0.018324954
7.136000000 0.018215343
7.144000000 0.018106353
7.152000000 0.017997981
7.160000000 0.017890224
7.168000000 0.017783079
7.176000000 0.017676542
7.184000000 0.017570611
7.192000000 0.017465281
7.200000000 0.017360551
7.208000000 0.017256417
7.216000000 0.017152875
7.224000000 0.017049924
7.232000000 0.016947559
7.240000000 0.016845778
7.248000000 0.016744577
7.256000000 0.016643954
7.264000000 0.016543906
7.272000000 0.016444429
7.280000000 0.016345521
7.288000000 0.016247178
7.296000000 0.016149399
7.304000000 0.016052179
7.312000000 0.015955516
7.320000000 0.015859406
7.328000000 0.015763848
7.336000000 0.015668838
7.344000000 0.015574373
7.352000000 0.015480450
7.360000000 0.015387067
7.368000000 0.015294220
7.376000000 0.015201907
7.384000000 0.015110126
7.392000000 0.015018872
7.400000000 0.014928144
7.408000000 0.014837938
7.416000000 0.014748252
7.424000000 0.014659084
7.432000000 0.014570429
7.440000000 0.014482286
7.448000000 0.014394652
7.456000000 0.014307524
7.464000000 0.014220900
7.472000000 0.014134777
7.480000000 0.014049151
7.488000000 0.013964021
7.496000000 0.013879384
7.504000000 0.013795237
7.512000000 0.013711578
7.520000000 0.013628403
7.528000000 0.013545711
7.536000000 0.013463499
7.544000000 0.013381764
7.552000000 0.013300503
7.560000000 0.013219714
7.568000000 0.013139396
7.576000000 0.013059544
7.584000000 0.012980156
7.592000000 0.012901231
7.600000000 0.012822765
7.608000000 0.012744756
7.616000000 0.012667201
7.624000000 0.012590099
7.632000000 0.012513446
7.640000000 0.012437241
7.648000000 0.012361480
7.656000000 0.012286162
7.664000000 0.012211284
7.672000000 0.012136843
7.680000000 0.012062838
7.688000000 0.011989265
7.696000000 0.011916123
7.704000000 0.011843409
7.712000000 0.011771121
7.720000000 0.011699256
7.728000000 0.011627812
7.736000000 0.011556788
7.744000000 0.011486180
7.752000000 0.011415986
7.760000000 0.011346204
7.768000000 0.011276833
7.776000000 0.011207868
7.784000000 0.011139309
7.792000000 0.011071153
7.800000000 0.011003398
7.808000000 0.010936042
7.816000000 0.010869082
7.824000000 0.010802517
7.832000000 0.010736343
7.840000000 0.010670560
7.848000000 0.010605165
7.856000000 0.010540155
7.864000000 0.010475529
7.872000000 0.010411284
7.880000000 0.010347418
7.888000000 0.010283930
7.896000000 0.010220817
7.904000000 0.010158077
7.912000000 0.010095708
7.920000000 0.010033708
7.928000000 0.009972075
7.936000000 0.009910807
7.944000000 0.009849902
7.952000000 0.009789357
7.960000000 0.009729172
7.968000000 0.009669343
7.976000000 0.009609869
7.984000000 0.009550748
7.992000000 0.009491978
8.000000000 0.009433557
8.008000000 0.009375483
8.016000000 0.009317754
8.024000000 0.009260368
8.032000000 0.009203324
8.040000000 0.009146618
8.048000000 0.009090251
8.056000000 0.009034218
8.064000000 0.008978520
8.072000000 0.008923153
8.080000000 0.008868116
8.088000000 0.008813407
8.096000000 0.008759025
8.104000000 0.008704966
8.112000000 0.008651231
8.120000000 0.008597816
8.128000000 0.008544720
8.136000000 0.008491942
8.144000000 0.008439478
8.152000000 0.008387329
8.160000000 0.008335491
8.168000000 0.008283963
8.176000000 0.008232744
8.184000000 0.008181831
8.192000000 0.008131223
8.200000000 0.008080918
8.208000000 0.008030915
8.216000000 0.007981212
8.224000000 0.007931806
8.232000000 0.007882697
8.240000000 0.007833882
8.248000000 0.007785360
8.256000000 0.007737130
8.264000000 0.007689190
8.272000000 0.007641537
8.280000000 0.007594171
8.288000000 0.007547089
8.296000000 0.007500291
8.304000000 0.007453774
8.312000000 0.007407537
8.320000000 0.007361579
8.328000000 0.007315897
8.336000000 0.007270490
8.344000000 0.007225357
8.352000000 0.007180496
8.360000000 0.007135906
8.368000000 0.007091584
8.376000000 0.007047530
8.384000000 0.007003742
8.392000000 0.006960218
8.400000000 0.006916957
8.408000000 0.006873957
8.416000000 0.006831217
8.424000000 0.006788735
8.432000000 0.006746511
8.440000000 0.006704541
8.448000000 0.006662826
8.456000000 0.006621363
8.464000000 0.006580151
8.472000000 0.006539188
8.480000000 0.006498474
8.488000000 0.006458007
8.496000000 0.006417784
8.504000000 0.006377806
8.512000000 0.006338070
8.520000000 0.006298575
8.528000000 0.006259320
8.536000000 0.006220303
8.544000000 0.006181523
8.552000000 0.006142978
8.560000000 0.006104668
8.568000000 0.006066590
8.576000000 0.006028744
8.584000000 0.005991128
8.592000000 0.005953741
8.600000000 0.005916582
8.608000000 0.005879648
8.616000000 0.005842940
8.624000000 0.005806455
8.632000000 0.005770192
8.640000000 0.005734150
8.648000000 0.005698328
8.656000000 0.005662724
8.664000000 0.005627338
8.672000000 0.005592167
8.680000000 0.005557211
8.688000000 0.005522468
8.696000000 0.005487938
8.704000000 0.005453618
8.712000000 0.005419508
8.720000000 0.005385606
8.728000000 0.005351912
8.736000000 0.005318423
8.744000000 0.005285140
8.752000000 0.005252060
8.760000000 0.005219182
8.768000000 0.005186506
8.776000000 0.005154030
8.784000000 0.005121752
8.792000000 0.005089673
8.800000000 0.005057790
8.808000000 0.005026102
8.816000000 0.004994609
8.824000000 0.004963308
8.832000000 0.004932200
8.840000000 0.004901283
8.848000000 0.004870555
8.856000000 0.004840016
8.864000000 0.004809665
8.872000000 0.004779500
8.880000000 0.004749520
8.888000000 0.004719725
8.896000000 0.004690112
8.904000000 0.004660682
8.912000000 0.004631433
8.920000000 0.004602364
8.928000000 0.004573473
8.936000000 0.004544761
8.944000000 0.004516225
8.952000000 0.004487865
8.960000000 0.004459679
8.968000000 0.004431668
8.976000000 0.004403829
8.984000000 0.004376161
8.992000000 0.004348664
9.000000000 0.004321337
9.008000000 0.004294179
9.016000000 0.004267188
9.024000000 0.004240363
9.032000000 0.004213704
9.040000000 0.004187210
9.048000000 0.004160880
9.056000000 0.004134712
9.064000000 0.004108706
9.072000000 0.004082860
9.080000000 0.004057175
9.088000000 0.004031648
9.096000000 0.004006279
9.104000000 0.003981068
9.112000000 0.003956012
9.120000000 0.003931111
9.128000000 0.003906365
9.136000000 0.003881772
9.144000000 0.003857331
9.152000000 0.003833041
9.160000000 0.003808903
9.168000000 0.003784914
9.176000000 0.003761073
9.184000000 0.003737381
9.192000000 0.003713835
9.200000000 0.003690436
9.208000000 0.003667182
9.216000000 0.003644072
9.224000000 0.003621106
9.232000000 0.003598282
9.240000000 0.003575600
9.248000000 0.003553059
9.256000000 0.003530659
9.264000000 0.003508397
9.272000000 0.003486274
9.280000000 0.003464289
9.288000000 0.003442440
9.296000000 0.003420728
9.304000000 0.003399150
9.312000000 0.003377707
9.320000000 0.003356397
9.328000000 0.003335220
9.336000000 0.003314175
9.344000000 0.003293261
9.352000000 0.003272478
9.360000000 0.003251824
9.368000000 0.003231299
9.376000000 0.003210902
9.384000000 0.003190632
9.392000000 0.003170489
9.400000000 0.003150471
9.408000000 0.003130578
9.416000000 0.003110810
9.424000000 0.003091165
9.432000000 0.003071642
9.440000000 0.003052242
9.448000000 0.003032963
9.456000000 0.003013804
9.464000000 0.002994766
9.472000000 0.002975846
9.480000000 0.002957044
9.488000000 0.002938361
9.496000000 0.002919794
9.504000000 0.002901343
9.512000000 0.002883008
9.520000000 0.002864788
9.528000000 0.002846681
9.536000000 0.002828688
9.544000000 0.002810808
9.552000000 0.002793040
9.560000000 0.002775384
9.568000000 0.002757838
9.576000000 0.002740402
9.584000000 0.002723075
9.592000000 0.002705857
9.600000000 0.002688747
9.608000000 0.002671745
9.616000000 0.002654849
9.624000000 0.002638059
9.632000000 0.002621375
9.640000000 0.002604795
9.648000000 0.002588320
9.656000000 0.002571948
9.664000000 0.002555679
9.672000000 0.002539513
9.680000000 0.002523448
9.688000000 0.002507484
9.696000000 0.002491620
9.704000000 0.002475856
9.712000000 0.002460192
9.720000000 0.002444626
9.728000000 0.002429158
9.736000000 0.002413787
9.744000000 0.002398513
9.752000000 0.002383336
9.760000000 0.002368254
9.768000000 0.002353266
9.776000000 0.002338374
9.784000000 0.002323575
9.792000000 0.002308870
9.800000000 0.002294257
9.808000000 0.002279737
9.816000000 0.002265308
9.824000000 0.002250970
9.832000000 0.002236722
9.840000000 0.002222565
9.848000000 0.002208497
9.856000000 0.002194517
9.864000000 0.002180626
9.872000000 0.002166823
9.880000000 0.002153107
9.888000000 0.002139478
9.896000000 0.002125934
9.904000000 0.002112477
9.912000000 0.002099104
9.920000000 0.002085816
9.928000000 0.002072612
9.936000000 0.002059491
9.944000000 0.002046454
9.952000000 0.002033499
9.960000000 0.002020626
9.968000000 0.002007834
9.976000000 0.001995124
9.984000000 0.001982494
9.992000000 0.001969944
10.000000000 0.001957473
10.008000000 0.001945082
10.016000000 0.001932769
10.024000000 0.001920534
10.032000000 0.001908376
10.040000000 0.001896296
10.048000000 0.001884292
10.056000000 0.001872364
10.064000000 0.001860512
10.072000000 0.001848736
10.080000000 0.001837034
10.088000000 0.001825406
10.096000000 0.001813852
10.104000000 0.001802371
10.112000000 0.001790963
10.120000000 0.001779628
10.128000000 0.001768365
10.136000000 0.001757173
10.144000000 0.001746053
10.152000000 0.001735003
10.160000000 0.001724023
10.168000000 0.001713113
10.176000000 0.001702272
10.184000000 0.001691501
10.192000000 0.001680798
10.200000000 0.001670163
10.208000000 0.001659595
10.216000000 0.001649095
10.224000000 0.001638662
10.232000000 0.001628295
10.240000000 0.001617994
10.248000000 0.001607759
10.256000000 0.001597589
10.264000000 0.001587483
10.272000000 0.001577442
10.280000000 0.001567465
10.288000000 0.001557552
10.296000000 0.001547702
10.304000000 0.001537914
10.312000000 0.001528189
10.320000000 0.001518526
10.328000000 0.001508924
10.336000000 0.001499384
10.344000000 0.001489905
10.352000000 0.001480486
10.360000000 0.001471127
10.368000000 0.001461828
10.376000000 0.001452589
10.384000000 0.001443408
10.392000000 0.001434286
10.400000000 0.001425222
10.408000000 0.001416216
10.416000000 0.001407268
10.424000000 0.001398376
10.432000000 0.001389542
10.440000000 0.001380764
10.448000000 0.001372042
10.456000000 0.001363376
10.464000000 0.001354765
10.472000000 0.001346209
10.480000000 0.001337708
10.488000000 0.001329262
10.496000000 0.001320869
10.504000000 0.001312530
10.512000000 0.001304245
10.520000000 0.001296012
10.528000000 0.001287832
10.536000000 0.001279705
10.544000000 0.001271629
10.552000000 0.001263606
10.560000000 0.001255633
10.568000000 0.001247712
10.576000000 0.001239842
10.584000000 0.001232021
10.592000000 0.001224251
10.600000000 0.001216531
10.608000000 0.001208860
10.616000000 0.001201239
10.624000000 0.001193666
10.632000000 0.001186142
10.640000000 0.001178666
10.648000000 0.001171238
10.656000000 0.001163857
10.664000000 0.001156524
10.672000000 0.001149238
10.680000000 0.001141999
10.688000000 0.001134806
10.696000000 0.001127660
10.704000000 0.001120559
10.712000000 0.001113504
10.720000000 0.001106494
10.728000000 0.001099529
10.736000000 0.001092609
10.744000000 0.001085733
10.752000000 0.001078902
10.760000000 0.001072114
10.768000000 0.001065370
10.776000000 0.001058669
10.784000000 0.001052012
10.792000000 0.001045397
10.800000000 0.001038824
10.808000000 0.001032294
10.816000000 0.001025806
10.824000000 0.001019360
10.832000000 0.001012955
10.840000000 0.001006591
10.848000000 0.001000268
10.856000000 0.000993986
10.864000000 0.000987744
10.872000000 0.000981543
10.880000000 0.000975381
10.888000000 0.000969259
10.896000000 0.000963176
10.904000000 0.000957133
10.912000000 0.000951128
10.920000000 0.000945162
10.928000000 0.000939235
10.936000000 0.000933346
10.944000000 0.000927494
10.952000000 0.000921680
10.960000000 0.000915904
10.968000000 0.000910165
10.976000000 0.000904463
10.984000000 0.000898798
10.992000000 0.000893169
11.000000000 0.000887576
11.008000000 0.000882020
11.016000000 0.000876499
11.024000000 0.000871014
11.032000000 0.000865564
11.040000000 0.000860150
11.048000000 0.000854770
11.056000000 0.000849425
11.064000000 0.000844115
11.072000000 0.000838839
11.080000000 0.000833596
11.088000000 0.000828388
11.096000000 0.000823213
11.104000000 0.000818072
11.112000000 0.000812964
11.120000000 0.000807888
11.128000000 0.000802846
11.136000000 0.000797836
11.144000000 0.000792858
11.152000000 0.000787913
11.160000000 0.000782999
11.168000000 0.000778118
11.176000000 0.000773267
11.184000000 0.000768448
11.192000000 0.000763660
11.200000000 0.000758904
11.208000000 0.000754177
11.216000000 0.000749482
11.224000000 0.000744816
11.232000000 0.000740181
11.240000000 0.000735576
11.248000000 0.000731001
11.256000000 0.000726455
11.264000000 0.000721938
11.272000000 0.000717451
11.280000000 0.000712993
11.288000000 0.000708563
11.296000000 0.000704162
11.304000000 0.000699790
11.312000000 0.000695446
11.320000000 0.000691130
11.328000000 0.000686842
11.336000000 0.000682582
11.344000000 0.000678349
11.352000000 0.000674143
11.360000000 0.000669965
11.368000000 0.000665814
11.376000000 0.000661690
11.384000000 0.000657592
11.392000000 0.000653521
11.400000000 0.000649476
11.408000000 0.000645457
11.416000000 0.000641465
11.424000000 0.000637498
11.432000000 0.000633557
11.440000000 0.000629641
11.448000000 0.000625751
11.456000000 0.000621886
11.464000000 0.000618046
11.472000000 0.000614231
11.480000000 0.000610440
11.488000000 0.000606674
11.496000000 0.000602933
11.504000000 0.000599216
11.512000000 0.000595522
11.520000000 0.000591853
11.528000000 0.000588207
11.536000000 0.000584585
11.544000000 0.000580987
11.552000000 0.000577412
11.560000000 0.000573860
11.568000000 0.000570331
11.576000000 0.000566825
11.584000000 0.000563341
11.592000000 0.000559880
11.600000000 0.000556442
11.608000000 0.000553026
11.616000000 0.000549632
11.624000000 0.000546260
11.632000000 0.000542910
11.640000000 0.000539581
11.648000000 0.000536274
11.656000000 0.000532989
11.664000000 0.000529725
11.672000000 0.000526482
11.680000000 0.000523260
11.688000000 0.000520058
11.696000000 0.000516878
11.704000000 0.000513718
11.712000000 0.000510579
11.720000000 0.000507460
11.728000000 0.000504361
11.736000000 0.000501283
11.744000000 0.000498224
11.752000000 0.000495185
11.760000000 0.000492166
11.768000000 0.000489167
11.776000000 0.000486187
11.784000000 0.000483226
11.792000000 0.000480284
11.800000000 0.000477362
11.808000000 0.000474458
11.816000000 0.000471574
11.824000000 0.000468708
11.832000000 0.000465860
11.840000000 0.000463031
11.848000000 0.000460221
11.856000000 0.000457428
11.864000000 0.000454654
11.872000000 0.000451898
11.880000000 0.000449159
11.888000000 0.000446438
11.896000000 0.000443735
11.904000000 0.000441050
11.912000000 0.000438382
11.920000000 0.000435731
11.928000000 0.000433097
11.936000000 0.000430481
11.944000000 0.000427881
11.952000000 0.000425299
11.960000000 0.000422733
11.968000000 0.000420183
11.976000000 0.000417651
11.984000000 0.000415134
11.992000000 0.000412634
12.000000000 0.000410151
12.008000000 0.000407683
12.016000000 0.000405231
12.024000000 0.000402795
12.032000000 0.000400375
12.040000000 0.000397971
12.048000000 0.000395582
12.056000000 0.000393209
12.064000000 0.000390851
12.072000000 0.000388509
12.080000000 0.000386181
12.088000000 0.000383869
12.096000000 0.000381572
12.104000000 0.000379289
12.112000000 0.000377022
12.120000000 0.000374769
12.128000000 0.000372530
12.136000000 0.000370307
12.144000000 0.000368097
12.152000000 0.000365902
12.160000000 0.000363721
12.168000000 0.000361555
12.176000000 0.000359402
12.184000000 0.000357263
12.192000000 0.000355139
12.200000000 0.000353028
12.208000000 0.000350930
12.216000000 0.000348846
12.224000000 0.000346776
12.232000000 0.000344719
12.240000000 0.000342676
12.248000000 0.000340645
12.256000000 0.000338628
12.264000000 0.000336624
12.272000000 0.000334633
12.280000000 0.000332655
12.288000000 0.000330690
12.296000000 0.000328737
12.304000000 0.000326797
12.312000000 0.000324869
12.320000000 0.000322955
12.328000000 0.000321052
12.336000000 0.000319162
12.344000000 0.000317284
12.352000000 0.000315418
12.360000000 0.000313564
12.368000000 0.000311722
12.376000000 0.000309893
12.384000000 0.000308075
12.392000000 0.000306268
12.400000000 0.000304474
12.408000000 0.000302691
12.416000000 0.000300920
12.424000000 0.000299160
12.432000000 0.000297411
12.440000000 0.000295674
12.448000000 0.000293948
12.456000000 0.000292233
12.464000000 0.000290529
12.472000000 0.000288837
12.480000000 0.000287155
12.488000000 0.000285484
12.496000000 0.000283824
12.504000000 0.000282175
12.512000000 0.000280536
12.520000000 0.000278908
12.528000000 0.000277290
12.536000000 0.000275683
12.544000000 0.000274087
12.552000000 0.000272500
12.560000000 0.000270924
12.568000000 0.000269358
12.576000000 0.000267802
12.584000000 0.000266256
12.592000000 0.000264721
12.600000000 0.000263195
12.608000000 0.000261679
12.616000000 0.000260172
12.624000000 0.000258676
12.632000000 0.000257189
12.640000000 0.000255712
12.648000000 0.000254244
12.656000000 0.000252786
12.664000000 0.000251337
12.672000000 0.000249897
12.680000000 0.000248467
12.688000000 0.000247046
12.696000000 0.000245634
12.704000000 0.000244231
12.712000000 0.000242838
12.720000000 0.000241453
12.728000000 0.000240077
12.736000000 0.000238710
12.744000000 0.000237352
12.752000000 0.000236003
12.760000000 0.000234662
12.768000000 0.000233330
12.776000000 0.000232007
12.784000000 0.000230692
12.792000000 0.000229385
12.800000000 0.000228087
12.808000000 0.000226797
12.816000000 0.000225516
12.824000000 0.000224243
12.832000000 0.000222978
12.840000000 0.000221721
12.848000000 0.000220472
12.856000000 0.000219232
12.864000000 0.000217999
12.872000000 0.000216774
12.880000000 0.000215557
12.888000000 0.000214348
12.896000000 0.000213147
12.904000000 0.000211953
12.912000000 0.000210767
12.920000000 0.000209589
12.928000000 0.000208418
12.936000000 0.000207254
12.944000000 0.000206099
12.952000000 0.000204950
12.960000000 0.000203809
12.968000000 0.000202675
12.976000000 0.000201549
12.984000000 0.000200430
12.992000000 0.000199318
13.000000000 0.000198213
13.008000000 0.000197115
13.016000000 0.000196024
13.024000000 0.000194940
13.032000000 0.000193863
13.040000000 0.000192793
13.048000000 0.000191730
13.056000000 0.000190674
13.064000000 0.000189624
13.072000000 0.000188582
13.080000000 0.000187545
13.088000000 0.000186516
13.096000000 0.000185493
13.104000000 0.000184476
13.112000000 0.000183466
13.120000000 0.000182463
13.128000000 0.000181466
13.136000000 0.000180475
13.144000000 0.000179491
13.152000000 0.000178513
13.160000000 0.000177541
13.168000000 0.000176575
13.176000000 0.000175616
13.184000000 0.000174662
13.192000000 0.000173715
13.200000000 0.000172774
13.208000000 0.000171838
13.216000000 0.000170909
13.224000000 0.000169985
13.232000000 0.000169068
13.240000000 0.000168156
13.248000000 0.000167250
13.256000000 0.000166350
13.264000000 0.000165456
13.272000000 0.000164567
13.280000000 0.000163684
13.288000000 0.000162807
13.296000000 0.000161935
13.304000000 0.000161068
13.312000000 0.000160208
13.320000000 0.000159352
13.328000000 0.000158502
13.336000000 0.000157658
13.344000000 0.000156818
13.352000000 0.000155985
13.360000000 0.000155156
13.368000000 0.000154333
13.376000000 0.000153514
13.384000000 0.000152701
13.392000000 0.000151894
13.400000000 0.000151091
13.408000000 0.000150293
13.416000000 0.000149501
13.424000000 0.000148713
13.432000000 0.000147931
13.440000000 0.000147153
13.448000000 0.000146380
13.456000000 0.000145612
13.464000000 0.000144849
13.472000000 0.000144091
13.480000000 0.000143338
13.488000000 0.000142589
13.496000000 0.000141845
13.504000000 0.000141106
13.512000000 0.000140371
13.520000000 0.000139641
13.528000000 0.000138916
13.536000000 0.000138195
13.544000000 0.000137479
13.552000000 0.000136767
13.560000000 0.000136060
13.568000000 0.000135357
13.576000000 0.000134658
13.584000000 0.000133964
13.592000000 0.000133275
13.600000000 0.000132589
13.608000000 0.000131908
13.616000000 0.000131231
13.624000000 0.000130559
13.632000000 0.000129890
13.640000000 0.000129226
13.648000000 0.000128566
13.656000000 0.000127910
13.664000000 0.000127258
13.672000000 0.000126611
13.680000000 0.000125967
13.688000000 0.000125327
13.696000000 0.000124692
13.704000000 0.000124060
13.712000000 0.000123432
13.720000000 0.000122808
13.728000000 0.000122188
13.736000000 0.000121572
13.744000000 0.000120960
13.752000000 0.000120352
13.760000000 0.000119747
13.768000000 0.000119146
13.776000000 0.000118549
13.784000000 0.000117955
13.792000000 0.000117366
13.800000000 0.000116779
13.808000000 0.000116197
13.816000000 0.000115618
13.824000000 0.000115043
13.832000000 0.000114471
13.840000000 0.000113903
13.848000000 0.000113338
13.856000000 0.000112777
13.864000000 0.000112219
13.872000000 0.000111665
13.880000000 0.000111114
13.888000000 0.000110567
13.896000000 0.000110023
13.904000000 0.000109482
13.912000000 0.000108944
13.920000000 0.000108410
13.928000000 0.000107880
13.936000000 0.000107352
13.944000000 0.000106828
13.952000000 0.000106307
13.960000000 0.000105789
13.968000000 0.000105274
13.976000000 0.000104763
13.984000000 0.000104254
13.992000000 0.000103749
14.000000000 0.000103247
14.008000000 0.000102748
14.016000000 0.000102252
14.024000000 0.000101759
14.032000000 0.000101269
14.040000000 0.000100782
14.048000000 0.000100298
14.056000000 0.000099817
14.064000000 0.000099339
14.072000000 0.000098863
14.080000000 0.000098391
14.088000000 0.000097922
14.096000000 0.000097455
14.104000000 0.000096991
14.112000000 0.000096530
14.120000000 0.000096072
14.128000000 0.000095617
14.136000000 0.000095164
14.144000000 0.000094714
14.152000000 0.000094267
14.160000000 0.000093823
14.168000000 0.000093381
14.176000000 0.000092942
14.184000000 0.000092505
14.192000000 0.000092072
14.200000000 0.000091640
14.208000000 0.000091212
14.216000000 0.000090786
14.224000000 0.000090362
14.232000000 0.000089942
14.240000000 0.000089523
14.248000000 0.000089107
14.256000000 0.000088694
14.264000000 0.000088283
14.272000000 0.000087875
14.280000000 0.000087469
14.288000000 0.000087065
14.296000000 0.000086664
14.304000000 0.000086265
14.312000000 0.000085869
14.320000000 0.000085475
14.328000000 0.000085083
14.336000000 0.000084694
14.344000000 0.000084307
14.352000000 0.000083923
14.360000000 0.000083540
14.368000000 0.000083160
14.376000000 0.000082782
14.384000000 0.000082407
14.392000000 0.000082033
14.400000000 0.000081662
14.408000000 0.000081293
14.416000000 0.000080926
14.424000000 0.000080562
14.432000000 0.000080199
14.440000000 0.000079839
14.448000000 0.000079481
14.456000000 0.000079125
14.464000000 0.000078771
14.472000000 0.000078419
14.480000000 0.000078069
14.488000000 0.000077721
14.496000000 0.000077375
14.504000000 0.000077032
14.512000000 0.000076690
14.520000000 0.000076350
14.528000000 0.000076012
14.536000000 0.000075677
14.544000000 0.000075343
14.552000000 0.000075011
14.560000000 0.000074681
14.568000000 0.000074353
14.576000000 0.000074027
14.584000000 0.000073703
14.592000000 0.000073380
14.600000000 0.000073060
14.608000000 0.000072741
14.616000000 0.000072425
14.624000000 0.000072110
14.632000000 0.000071797
14.640000000 0.000071485
14.648000000 0.000071176
14.656000000 0.000070868
14.664000000 0.000070562
14.672000000 0.000070258
14.680000000 0.000069956
14.688000000 0.000069655
14.696000000 0.000069356
14.704000000 0.000069059
14.712000000 0.000068763
14.720000000 0.000068469
14.728000000 0.000068177
14.736000000 0.000067886
14.744000000 0.000067598
14.752000000 0.000067310
14.760000000 0.000067025
14.768000000 0.000066741
14.776000000 0.000066458
14.784000000 0.000066178
14.792000000 0.000065898
14.800000000 0.000065621
14.808000000 0.000065345
14.816000000 0.000065070
14.824000000 0.000064797
14.832000000 0.000064526
14.840000000 0.000064256
14.848000000 0.000063988
14.856000000 0.000063721
14.864000000 0.000063456
14.872000000 0.000063192
14.880000000 0.000062929
14.888000000 0.000062668
14.896000000 0.000062409
14.904000000 0.000062151
14.912000000 0.000061894
14.920000000 0.000061639
14.928000000 0.000061385
14.936000000 0.000061133
14.944000000 0.000060882
14.952000000 0.000060633
14.960000000 0.000060385
14.968000000 0.000060138
14.976000000 0.000059892
14.984000000 0.000059648
14.992000000 0.000059405
15.000000000 0.000059164
15.008000000 0.000058924
15.016000000 0.000058685
15.024000000 0.000058448
15.032000000 0.000058212
15.040000000 0.000057977
15.048000000 0.000057743
15.056000000 0.000057511
15.064000000 0.000057280
15.072000000 0.000057050
15.080000000 0.000056821
15.088000000 0.000056594
15.096000000 0.000056368
15.104000000 0.000056143
15.112000000 0.000055920
15.120000000 0.000055697
15.128000000 0.000055476
15.136000000 0.000055256
15.144000000 0.000055037
15.152000000 0.000054819
15.160000000 0.000054603
15.168000000 0.000054387
15.176000000 0.000054173
15.184000000 0.000053960
15.192000000 0.000053748
15.200000000 0.000053537
15.208000000 0.000053328
15.216000000 0.000053119
15.224000000 0.000052911
15.232000000 0.000052705
15.240000000 0.000052500
15.248000000 0.000052295
15.256000000 0.000052092
15.264000000 0.000051890
15.272000000 0.000051689
15.280000000 0.000051489
15.288000000 0.000051290
15.296000000 0.000051092
15.304000000 0.000050896
15.312000000 0.000050700
15.320000000 0.000050505
15.328000000 0.000050311
15.336000000 0.000050118
15.344000000 0.000049927
15.352000000 0.000049736
15.360000000 0.000049546
15.368000000 0.000049357
15.376000000 0.000049169
15.384000000 0.000048982
15.392000000 0.000048796
15.400000000 0.000048611
15.408000000 0.000048427
15.416000000 0.000048244
15.424000000 0.000048062
15.432000000 0.000047881
15.440000000 0.000047700
15.448000000 0.000047521
15.456000000 0.000047342
15.464000000 0.000047165
15.472000000 0.000046988
15.480000000 0.000046812
15.488000000 0.000046637
15.496000000 0.000046463
15.504000000 0.000046290
15.512000000 0.000046118
15.520000000 0.000045946
15.528000000 0.000045776
15.536000000 0.000045606
15.544000000 0.000045437
15.552000000 0.000045269
15.560000000 0.000045102
15.568000000 0.000044935
15.576000000 0.000044770
15.584000000 0.000044605
15.592000000 0.000044441
15.600000000 0.000044278
15.608000000 0.000044115
15.616000000 0.000043954
15.624000000 0.000043793
15.632000000 0.000043633
15.640000000 0.000043474
15.648000000 0.000043315
15.656000000 0.000043157
15.664000000 0.000043000
15.672000000 0.000042844
15.680000000 0.000042689
15.688000000 0.000042534
15.696000000 0.000042380
15.704000000 0.000042227
15.712000000 0.000042074
15.720000000 0.000041923
15.728000000 0.000041772
15.736000000 0.000041621
15.744000000 0.000041472
15.752000000 0.000041323
15.760000000 0.000041175
15.768000000 0.000041027
15.776000000 0.000040880
15.784000000 0.000040734
15.792000000 0.000040589
15.800000000 0.000040444
15.808000000 0.000040300
15.816000000 0.000040156
15.824000000 0.000040014
15.832000000 0.000039872
15.840000000 0.000039730
15.848000000 0.000039589
15.856000000 0.000039449
15.864000000 0.000039310
15.872000000 0.000039171
15.880000000 0.000039033
15.888000000 0.000038895
15.896000000 0.000038758
15.904000000 0.000038622
15.912000000 0.000038486
15.920000000 0.000038351
15.928000000 0.000038216
15.936000000 0.000038083
15.944000000 0.000037949
15.952000000 0.000037817
15.960000000 0.000037684
15.968000000 0.000037553
15.976000000 0.000037422
15.984000000 0.000037292
15.992000000 0.000037162
16.000000000 0.000037033
16.008000000 0.000036904
16.016000000 0.000036776
16.024000000 0.000036649
16.032000000 0.000036522
16.040000000 0.000036395
16.048000000 0.000036269
16.056000000 0.000036144
16.064000000 0.000036019
16.072000000 0.000035895
16.080000000 0.000035771
16.088000000 0.000035648
16.096000000 0.000035526
16.104000000 0.000035404
16.112000000 0.000035282
16.120000000 0.000035161
16.128000000 0.000035040
16.136000000 0.000034920
16.144000000 0.000034801
16.152000000 0.000034682
16.160000000 0.000034563
16.168000000 0.000034445
16.176000000 0.000034328
16.184000000 0.000034211
16.192000000 0.000034094
16.200000000 0.000033978
16.208000000 0.000033863
16.216000000 0.000033748
16.224000000 0.000033633
16.232000000 0.000033519
16.240000000 0.000033405
16.248000000 0.000033292
16.256000000 0.000033179
16.264000000 0.000033067
16.272000000 0.000032955
16.280000000 0.000032844
16.288000000 0.000032733
16.296000000 0.000032622
16.304000000 0.000032512
16.312000000 0.000032403
16.320000000 0.000032294
16.328000000 0.000032185
16.336000000 0.000032077
16.344000000 0.000031969
16.352000000 0.000031861
16.360000000 0.000031754
16.368000000 0.000031648
16.376000000 0.000031542
16.384000000 0.000031436
16.392000000 0.000031331
16.400000000 0.000031226
16.408000000 0.000031121
16.416000000 0.000031017
16.424000000 0.000030913
16.432000000 0.000030810
16.440000000 0.000030707
16.448000000 0.000030604
16.456000000 0.000030502
16.464000000 0.000030401
16.472000000 0.000030299
16.480000000 0.000030198
16.488000000 0.000030098
16.496000000 0.000029997
16.504000000 0.000029898
16.512000000 0.000029798
16.520000000 0.000029699
16.528000000 0.000029600
16.536000000 0.000029502
16.544000000 0.000029404
16.552000000 0.000029306
16.560000000 0.000029209
16.568000000 0.000029112
16.576000000 0.000029015
16.584000000 0.000028919
16.592000000 0.000028823
16.600000000 0.000028728
16.608000000 0.000028633
16.616000000 0.000028538
16.624000000 0.000028443
16.632000000 0.000028349
16.640000000 0.000028255
16.648000000 0.000028162
16.656000000 0.000028068
16.664000000 0.000027976
16.672000000 0.000027883
16.680000000 0.000027791
16.688000000 0.000027699
16.696000000 0.000027607
16.704000000 0.000027516
16.712000000 0.000027425
16.720000000 0.000027335
16.728000000 0.000027244
16.736000000 0.000027154
16.744000000 0.000027065
16.752000000 0.000026975
16.760000000 0.000026886
16.768000000 0.000026798
16.776000000 0.000026709
16.784000000 0.000026621
16.792000000 0.000026533
16.800000000 0.000026445
16.808000000 0.000026358
16.816000000 0.000026271
16.824000000 0.000026184
16.832000000 0.000026098
16.840000000 0.000026012
16.848000000 0.000025926
16.856000000 0.000025840
16.864000000 0.000025755
16.872000000 0.000025670
16.880000000 0.000025585
16.888000000 0.000025501
16.896000000 0.000025416
16.904000000 0.000025332
16.912000000 0.000025249
16.920000000 0.000025165
16.928000000 0.000025082
16.936000000 0.000024999
16.944000000 0.000024917
16.952000000 0.000024834
16.960000000 0.000024752
16.968000000 0.000024670
16.976000000 0.000024589
16.984000000 0.000024507
16.992000000 0.000024426
17.000000000 0.000024345
17.008000000 0.000024265
17.016000000 0.000024184
17.024000000 0.000024104
17.032000000 0.000024024
17.040000000 0.000023945
17.048000000 0.000023865
17.056000000 0.000023786
17.064000000 0.000023707
17.072000000 0.000023628
17.080000000 0.000023550
17.088000000 0.000023472
17.096000000 0.000023394
17.104000000 0.000023316
17.112000000 0.000023238
17.120000000 0.000023161
17.128000000 0.000023084
17.136000000 0.000023007
17.144000000 0.000022930
17.152000000 0.000022854
17.160000000 0.000022777
17.168000000 0.000022701
17.176000000 0.000022626
17.184000000 0.000022550
17.192000000 0.000022475
17.200000000 0.000022399
17.208000000 0.000022324
17.216000000 0.000022250
17.224000000 0.000022175
17.232000000 0.000022101
17.240000000 0.000022027
17.248000000 0.000021953
17.256000000 0.000021879
17.264000000 0.000021805
17.272000000 0.000021732
17.280000000 0.000021659
17.288000000 0.000021586
17.296000000 0.000021513
17.304000000 0.000021441
17.312000000 0.000021368
17.320000000 0.000021296
17.328000000 0.000021224
17.336000000 0.000021152
17.344000000 0.000021080
17.352000000 0.000021009
17.360000000 0.000020938
17.368000000 0.000020867
17.376000000 0.000020796
17.384000000 0.000020725
17.392000000 0.000020654
17.400000000 0.000020584
17.408000000 0.000020514
17.416000000 0.000020444
17.424000000 0.000020374
17.432000000 0.000020304
17.440000000 0.000020235
17.448000000 0.000020166
17.456000000 0.000020096
17.464000000 0.000020027
17.472000000 0.000019959
17.480000000 0.000019890
17.488000000 0.000019821
17.496000000 0.000019753
17.504000000 0.000019685
17.512000000 0.000019617
17.520000000 0.000019549
17.528000000 0.000019481
17.536000000 0.000019414
17.544000000 0.000019347
17.552000000 0.000019279
17.560000000 0.000019212
17.568000000 0.000019145
17.576000000 0.000019079
17.584000000 0.000019012
17.592000000 0.000018946
17.600000000 0.000018879
17.608000000 0.000018813
17.616000000 0.000018747
17.624000000 0.000018681
17.632000000 0.000018616
17.640000000 0.000018550
17.648000000 0.000018485
17.656000000 0.000018419
17.664000000 0.000018354
17.672000000 0.000018289
17.680000000 0.000018224
17.688000000 0.000018160
17.696000000 0.000018095
17.704000000 0.000018031
17.712000000 0.000017966
17.720000000 0.000017902
17.728000000 0.000017838
17.736000000 0.000017774
17.744000000 0.000017711
17.752000000 0.000017647
17.760000000 0.000017584
17.768000000 0.000017520
17.776000000 0.000017457
17.784000000 0.000017394
17.792000000 0.000017331
17.800000000 0.000017268
17.808000000 0.000017205
17.816000000 0.000017143
17.824000000 0.000017080
17.832000000 0.000017018
17.840000000 0.000016956
17.848000000 0.000016894
17.856000000 0.000016832
17.864000000 0.000016770
17.872000000 0.000016708
17.880000000 0.000016647
17.888000000 0.000016585
17.896000000 0.000016524
17.904000000 0.000016462
17.912000000 0.000016401
17.920000000 0.000016340
17.928000000 0.000016279
17.936000000 0.000016219
17.944000000 0.000016158
17.952000000 0.000016097
17.960000000 0.000016037
17.968000000 0.000015977
17.976000000 0.000015916
17.984000000 0.000015856
17.992000000 0.000015796
18.000000000 0.000015736
18.008000000 0.000015676
18.016000000 0.000015617
18.024000000 0.000015557
18.032000000 0.000015498
18.040000000 0.000015438
18.048000000 0.000015379
18.056000000 0.000015320
18.064000000 0.000015261
18.072000000 0.000015202
18.080000000 0.000015143
18.088000000 0.000015084
18.096000000 0.000015026
18.104000000 0.000014967
18.112000000 0.000014909
18.120000000 0.000014850
18.128000000 0.000014792
18.136000000 0.000014734
18.144000000 0.000014676
18.152000000 0.000014618
18.160000000 0.000014560
18.168000000 0.000014502
18.176000000 0.000014444
18.184000000 0.000014387
18.192000000 0.000014329
18.200000000 0.000014272
18.208000000 0.000014214
18.216000000 0.000014157
18.224000000 0.000014100
18.232000000 0.000014043
18.240000000 0.000013986
18.248000000 0.000013929
18.256000000 0.000013872
18.264000000 0.000013815
18.272000000 0.000013759
18.280000000 0.000013702
18.288000000 0.000013646
18.296000000 0.000013589
18.304000000 0.000013533
18.312000000 0.000013477
18.320000000 0.000013421
18.328000000 0.000013365
18.336000000 0.000013309
18.344000000 0.000013253
18.352000000 0.000013197
18.360000000 0.000013141
18.368000000 0.000013086
18.376000000 0.000013030
18.384000000 0.000012975
18.392000000 0.000012919
18.400000000 0.000012864
18.408000000 0.000012809
18.416000000 0.000012754
18.424000000 0.000012699
18.432000000 0.000012644
18.440000000 0.000012589
18.448000000 0.000012534
18.456000000 0.000012479
18.464000000 0.000012424
18.472000000 0.000012370
18.480000000 0.000012315
18.488000000 0.000012260
18.496000000 0.000012206
18.504000000 0.000012152
18.512000000 0.000012097
18.520000000 0.000012043
18.528000000 0.000011989
18.536000000 0.000011935
18.544000000 0.000011881
18.552000000 0.000011827
18.560000000 0.000011773
18.568000000 0.000011719
18.576000000 0.000011666
18.584000000 0.000011612
18.592000000 0.000011558
18.600000000 0.000011505
18.608000000 0.000011451
18.616000000 0.000011398
18.624000000 0.000011344
18.632000000 0.000011291
18.640000000 0.000011238
18.648000000 0.000011185
18.656000000 0.000011132
18.664000000 0.000011079
18.672000000 0.000011026
18.680000000 0.000010973
18.688000000 0.000010920
18.696000000 0.000010867
18.704000000 0.000010814
18.712000000 0.000010762
18.720000000 0.000010709
18.728000000 0.000010657
18.736000000 0.000010604
18.744000000 0.000010552
18.752000000 0.000010499
18.760000000 0.000010447
18.768000000 0.000010395
18.776000000 0.000010343
18.784000000 0.000010290
18.792000000 0.000010238
18.800000000 0.000010186
18.808000000 0.000010134
18.816000000 0.000010082
18.824000000 0.000010030
18.832000000 0.000009979
18.840000000 0.000009927
18.848000000 0.000009875
18.856000000 0.000009824
18.864000000 0.000009772
18.872000000 0.000009720
18.880000000 0.000009669
18.888000000 0.000009617
18.896000000 0.000009566
18.904000000 0.000009515
18.912000000 0.000009463
18.920000000 0.000009412
18.928000000 0.000009361
18.936000000 0.000009310
18.944000000 0.000009259
18.952000000 0.000009208
18.960000000 0.000009157
18.968000000 0.000009106
18.976000000 0.000009055
18.984000000 0.000009004
18.992000000 0.000008953
19.000000000 0.000008902
19.008000000 0.000008852
19.016000000 0.000008801
19.024000000 0.000008750
19.032000000 0.000008700
19.040000000 0.000008649
19.048000000 0.000008599
19.056000000 0.000008548
19.064000000 0.000008498
19.072000000 0.000008448
19.080000000 0.000008397
19.088000000 0.000008347
19.096000000 0.000008297
19.104000000 0.000008247
19.112000000 0.000008196
19.120000000 0.000008146
19.128000000 0.000008096
19.136000000 0.000008046
19.144000000 0.000007996
19.152000000 0.000007946
19.160000000 0.000007897
19.168000000 0.000007847
19.176000000 0.000007797
19.184000000 0.000007747
19.192000000 0.000007697
19.200000000 0.000007648
19.208000000 0.000007598
19.216000000 0.000007548
19.224000000 0.000007499
19.232000000 0.000007449
19.240000000 0.000007400
19.248000000 0.000007350
19.256000000 0.000007301
19.264000000 0.000007252
19.272000000 0.000007202
19.280000000 0.000007153
19.288000000 0.000007104
19.296000000 0.000007054
19.304000000 0.000007005
19.312000000 0.000006956
19.320000000 0.000006907
19.328000000 0.000006858
19.336000000 0.000006809
19.344000000 0.000006760
19.352000000 0.000006711
19.360000000 0.000006662
19.368000000 0.000006613
19.376000000 0.000006564
19.384000000 0.000006515
19.392000000 0.000006466
19.400000000 0.000006418
19.408000000 0.000006369
19.416000000 0.000006320
19.424000000 0.000006271
19.432000000 0.000006223
19.440000000 0.000006174
19.448000000 0.000006126
19.456000000 0.000006077
19.464000000 0.000006028
19.472000000 0.000005980
19.480000000 0.000005932
19.488000000 0.000005883
19.496000000 0.000005835
19.504000000 0.000005786
19.512000000 0.000005738
19.520000000 0.000005690
19.528000000 0.000005641
19.536000000 0.000005593
19.544000000 0.000005545
19.552000000 0.000005497
19.560000000 0.000005449
19.568000000 0.000005400
19.576000000 0.000005352
19.584000000 0.000005304
19.592000000 0.000005256
19.600000000 0.000005208
19.608000000 0.000005160
19.616000000 0.000005112
19.624000000 0.000005064
19.632000000 0.000005016
19.640000000 0.000004968
19.648000000 0.000004921
19.656000000 0.000004873
19.664000000 0.000004825
19.672000000 0.000004777
19.680000000 0.000004729
19.688000000 0.000004682
19.696000000 0.000004634
19.704000000 0.000004586
19.712000000 0.000004539
19.720000000 0.000004491
19.728000000 0.000004443
19.736000000 0.000004396
19.744000000 0.000004348
19.752000000 0.000004301
19.760000000 0.000004253
19.768000000 0.000004206
19.776000000 0.000004158
19.784000000 0.000004111
19.792000000 0.000004063
19.800000000 0.000004016
19.808000000 0.000003968
19.816000000 0.000003921
19.824000000 0.000003874
19.832000000 0.000003826
19.840000000 0.000003779
19.848000000 0.000003732
19.856000000 0.000003685
19.864000000 0.000003637
19.872000000 0.000003590
19.880000000 0.000003543
19.888000000 0.000003496
19.896000000 0.000003449
19.904000000 0.000003402
19.912000000 0.000003355
19.920000000 0.000003307
19.928000000 0.000003260
19.936000000 0.000003213
19.944000000 0.000003166
19.952000000 0.000003119
19.960000000 0.000003072
19.968000000 0.000003025
19.976000000 0.000002978
19.984000000 0.000002932
19.992000000 0.000002885
20.000000000 0.000002838
