-0.000000000 0.892059352
0.008000000 0.880617415
0.016000000 0.869411317
0.024000000 0.858436333
0.032000000 0.847687832
0.040000000 0.837161277
0.048000000 0.826852221
0.056000000 0.816756310
0.064000000 0.806869276
0.072000000 0.797186939
0.080000000 0.787705204
0.088000000 0.778420061
0.096000000 0.769327579
0.104000000 0.760423913
0.112000000 0.751705294
0.120000000 0.743168032
0.128000000 0.734808514
0.136000000 0.726623203
0.144000000 0.718608633
0.152000000 0.710761416
0.160000000 0.703078231
0.168000000 0.695555830
0.176000000 0.688191031
0.184000000 0.680980723
0.192000000 0.673921860
0.200000000 0.667011462
0.208000000 0.660246611
0.216000000 0.653624456
0.224000000 0.647142204
0.232000000 0.640797126
0.240000000 0.634586551
0.248000000 0.628507867
0.256000000 0.622558520
0.264000000 0.616736012
0.272000000 0.611037901
0.280000000 0.605461800
0.288000000 0.600005376
0.296000000 0.594666346
0.304000000 0.589442483
0.312000000 0.584331606
0.320000000 0.579331588
0.328000000 0.574440349
0.336000000 0.569655857
0.344000000 0.564976128
0.352000000 0.560399224
0.360000000 0.555923252
0.368000000 0.551546365
0.376000000 0.547266758
0.384000000 0.543082672
0.392000000 0.538992386
0.400000000 0.534994224
0.408000000 0.531086551
0.416000000 0.527267769
0.424000000 0.523536323
0.432000000 0.519890693
0.440000000 0.516329399
0.448000000 0.512850998
0.456000000 0.509454083
0.464000000 0.506137284
0.472000000 0.502899265
0.480000000 0.499738724
0.488000000 0.496654394
0.496000000 0.493645042
0.504000000 0.490709466
0.512000000 0.487846497
0.520000000 0.485054998
0.528000000 0.482333861
0.536000000 0.479682011
0.544000000 0.477098401
0.552000000 0.474582014
0.560000000 0.472131862
0.568000000 0.469746984
0.576000000 0.467426449
0.584000000 0.465169351
0.592000000 0.462974812
0.600000000 0.460841980
0.608000000 0.458770030
0.616000000 0.456758160
0.624000000 0.454805595
0.632000000 0.452911584
0.640000000 0.451075399
0.648000000 0.449296339
0.656000000 0.447573722
0.664000000 0.445906892
0.672000000 0.444295214
0.680000000 0.442738077
0.688000000 0.441234890
0.696000000 0.439785084
0.704000000 0.438388113
0.712000000 0.437043448
0.720000000 0.435750584
0.728000000 0.434509034
0.736000000 0.433318334
0.744000000 0.432178035
0.752000000 0.431087713
0.760000000 0.430046957
0.768000000 0.429055381
0.776000000 0.428112612
0.784000000 0.427218299
0.792000000 0.426372108
0.800000000 0.425573723
0.808000000 0.424822846
0.816000000 0.424119196
0.824000000 0.423462510
0.832000000 0.422852541
0.840000000 0.422289060
0.848000000 0.421771854
0.856000000 0.421300729
0.864000000 0.420875504
0.872000000 0.420496016
0.880000000 0.420162119
0.888000000 0.419873683
0.896000000 0.419630593
0.904000000 0.419432750
0.912000000 0.419280072
0.920000000 0.419172492
0.928000000 0.419109959
0.936000000 0.419092437
0.944000000 0.419119907
0.952000000 0.419192364
0.960000000 0.419309820
0.968000000 0.419472300
0.976000000 0.419679848
0.984000000 0.419932521
0.992000000 0.420230393
1.000000000 0.420573551
1.008000000 0.420962101
1.016000000 0.421396163
1.024000000 0.421875871
1.032000000 0.422401377
1.040000000 0.422972849
1.048000000 0.423590468
1.056000000 0.424254434
1.064000000 0.424964962
1.072000000 0.425722282
1.080000000 0.426526641
1.088000000 0.427378304
1.096000000 0.428277549
1.104000000 0.429224675
1.112000000 0.430219994
1.120000000 0.431263837
1.128000000 0.432356551
1.136000000 0.433498503
1.144000000 0.434690074
1.152000000 0.435931666
1.160000000 0.437223697
1.168000000 0.438566604
1.176000000 0.439960843
1.184000000 0.441406888
1.192000000 0.442905233
1.200000000 0.444456391
1.208000000 0.446060895
1.216000000 0.447719298
1.224000000 0.449432173
1.232000000 0.451200115
1.240000000 0.453023739
1.248000000 0.454903682
1.256000000 0.456840604
1.264000000 0.458835185
1.272000000 0.460888131
1.280000000 0.463000168
1.288000000 0.465172050
1.296000000 0.467404552
1.304000000 0.469698474
1.312000000 0.472054644
1.320000000 0.474473913
1.328000000 0.476957161
1.336000000 0.479505293
1.344000000 0.482119244
1.352000000 0.484799976
1.360000000 0.487548481
1.368000000 0.490365779
1.376000000 0.493252924
1.384000000 0.496210999
1.392000000 0.499241118
1.400000000 0.502344432
1.408000000 0.505522121
1.416000000 0.508775404
1.424000000 0.512105533
1.432000000 0.515513797
1.440000000 0.519001522
1.448000000 0.522570075
1.456000000 0.526220859
1.464000000 0.529955321
1.472000000 0.533774946
1.480000000 0.537681266
1.488000000 0.541675855
1.496000000 0.545760331
1.504000000 0.549936362
1.512000000 0.554205661
1.520000000 0.558569991
1.528000000 0.563031167
1.536000000 0.567591055
1.544000000 0.572251575
1.552000000 0.577014702
1.560000000 0.581882469
1.568000000 0.586856967
1.576000000 0.591940347
1.584000000 0.597134823
1.592000000 0.602442671
1.600000000 0.607866235
1.608000000 0.613407927
1.616000000 0.619070227
1.624000000 0.624855690
1.632000000 0.630766942
1.640000000 0.636806689
1.648000000 0.642977712
1.656000000 0.649282876
1.664000000 0.655725130
1.672000000 0.662307508
1.680000000 0.669033134
1.688000000 0.675905223
1.696000000 0.682927085
1.704000000 0.690102127
1.712000000 0.697433857
1.720000000 0.704925888
1.728000000 0.712581937
1.736000000 0.720405833
1.744000000 0.728401518
1.752000000 0.736573051
1.760000000 0.744924611
1.768000000 0.753460502
1.776000000 0.762185154
1.784000000 0.771103132
1.792000000 0.780219135
1.800000000 0.789538000
1.808000000 0.799064711
1.816000000 0.808804398
1.824000000 0.818762345
1.832000000 0.828943992
1.840000000 0.839354940
1.848000000 0.850000956
1.856000000 0.860887979
1.864000000 0.872022120
1.872000000 0.883409673
1.880000000 0.895057115
1.888000000 0.906971112
1.896000000 0.919158526
1.904000000 0.931626416
1.912000000 0.944382044
1.920000000 0.957432882
1.928000000 0.970786613
1.936000000 0.984451139
1.944000000 0.998434581
1.952000000 1.012745287
1.960000000 1.027391832
1.968000000 1.042383025
1.976000000 1.057727907
1.984000000 1.073435761
1.992000000 1.089516103
2.000000000 1.105978692
2.008000000 1.122833525
2.016000000 1.140090836
2.024000000 1.157761092
2.032000000 1.175854989
2.040000000 1.194383445
2.048000000 1.213357589
2.056000000 1.232788747
2.064000000 1.252688423
2.072000000 1.273068284
2.080000000 1.293940123
2.088000000 1.315315834
2.096000000 1.337207364
2.104000000 1.359626671
2.112000000 1.382585657
2.120000000 1.406096104
2.128000000 1.430169592
2.136000000 1.454817399
2.144000000 1.480050395
2.152000000 1.505878913
2.160000000 1.532312606
2.168000000 1.559360283
2.176000000 1.587029725
2.184000000 1.615327488
2.192000000 1.644258671
2.200000000 1.673826677
2.208000000 1.704032951
2.216000000 1.734876686
2.224000000 1.766354534
2.232000000 1.798460280
2.240000000 1.831184515
2.248000000 1.864514296
2.256000000 1.898432803
2.264000000 1.932918993
2.272000000 1.967947259
2.280000000 2.003487103
2.288000000 2.039502821
2.296000000 2.075953220
2.304000000 2.112791358
2.312000000 2.149964328
2.320000000 2.187413082
2.328000000 2.225072315
2.336000000 2.262870400
2.344000000 2.300729394
2.352000000 2.338565105
2.360000000 2.376287244
2.368000000 2.413799647
2.376000000 2.451000576
2.384000000 2.487783103
2.392000000 2.524035573
2.400000000 2.559642142
2.408000000 2.594483388
2.416000000 2.628436996
2.424000000 2.661378501
2.432000000 2.693182085
2.440000000 2.723721430
2.448000000 2.752870593
2.456000000 2.780504922
2.464000000 2.806501980
2.472000000 2.830742473
2.480000000 2.853111175
2.488000000 2.873497831
2.496000000 2.891798027
2.504000000 2.907914025
2.512000000 2.921755540
2.520000000 2.933240459
2.528000000 2.942295488
2.536000000 2.948856722
2.544000000 2.952870133
2.552000000 2.954291965
2.560000000 2.953089043
2.568000000 2.949238979
2.576000000 2.942730288
2.584000000 2.933562410
2.592000000 2.921745632
2.600000000 2.907300928
2.608000000 2.890259703
2.616000000 2.870663465
2.624000000 2.848563413
2.632000000 2.824019965
2.640000000 2.797102216
2.648000000 2.767887350
2.656000000 2.736459997
2.664000000 2.702911565
2.672000000 2.667339532
2.680000000 2.629846722
2.688000000 2.590540572
2.696000000 2.549532382
2.704000000 2.506936585
2.712000000 2.462870009
2.720000000 2.417451166
2.728000000 2.370799561
2.736000000 2.323035021
2.744000000 2.274277067
2.752000000 2.224644306
2.760000000 2.174253879
2.768000000 2.123220933
2.776000000 2.071658148
2.784000000 2.019675303
2.792000000 1.967378888
2.800000000 1.914871762
2.808000000 1.862252852
2.816000000 1.809616904
2.824000000 1.757054272
2.832000000 1.704650744
2.840000000 1.652487422
2.848000000 1.600640625
2.856000000 1.549181835
2.864000000 1.498177680
2.872000000 1.447689936
2.880000000 1.397775573
2.888000000 1.348486811
2.896000000 1.299871213
2.904000000 1.251971788
2.912000000 1.204827117
2.920000000 1.158471496
2.928000000 1.112935089
2.936000000 1.068244090
2.944000000 1.024420902
2.952000000 0.981484314
2.960000000 0.939449685
2.968000000 0.898329138
2.976000000 0.858131745
2.984000000 0.818863720
2.992000000 0.780528608
3.000000000 0.743127471
3.008000000 0.706659071
3.016000000 0.671120053
3.024000000 0.636505115
3.032000000 0.602807179
3.040000000 0.570017554
3.048000000 0.538126092
3.056000000 0.507121335
3.064000000 0.476990663
3.072000000 0.447720421
3.080000000 0.419296052
3.088000000 0.391702216
3.096000000 0.364922904
3.104000000 0.338941538
3.112000000 0.313741076
3.120000000 0.289304100
3.128000000 0.265612901
3.136000000 0.242649556
3.144000000 0.220396003
3.152000000 0.198834100
3.160000000 0.177945692
3.168000000 0.157712661
3.176000000 0.138116976
3.184000000 0.119140736
3.192000000 0.100766212
3.200000000 0.082975877
3.208000000 0.065752442
3.216000000 0.049078881
3.224000000 0.032938454
3.232000000 0.017314727
3.240000000 0.002191590
3.248000000 -0.012446730
3.256000000 -0.026615656
3.264000000 -0.040330253
3.272000000 -0.053605218
3.280000000 -0.066454879
3.288000000 -0.078893189
3.296000000 -0.090933725
3.304000000 -0.102589685
3.312000000 -0.113873895
3.320000000 -0.124798804
3.328000000 -0.135376492
3.336000000 -0.145618673
3.344000000 -0.155536698
3.352000000 -0.165141562
3.360000000 -0.174443910
3.368000000 -0.183454042
3.376000000 -0.192181923
3.384000000 -0.200637188
3.392000000 -0.208829148
3.400000000 -0.216766804
3.408000000 -0.224458847
3.416000000 -0.231913672
3.424000000 -0.239139383
3.432000000 -0.246143805
3.440000000 -0.252934485
3.448000000 -0.259518709
3.456000000 -0.265903505
3.464000000 -0.272095649
3.472000000 -0.278101679
3.480000000 -0.283927900
3.488000000 -0.289580389
3.496000000 -0.295065006
3.504000000 -0.300387402
3.512000000 -0.305553022
3.520000000 -0.310567116
3.528000000 -0.315434745
3.536000000 -0.320160786
3.544000000 -0.324749942
3.552000000 -0.329206745
3.560000000 -0.333535561
3.568000000 -0.337740603
3.576000000 -0.341825927
3.584000000 -0.345795448
3.592000000 -0.349652936
3.600000000 -0.353402026
3.608000000 -0.357046224
3.616000000 -0.360588910
3.624000000 -0.364033341
3.632000000 -0.367382660
3.640000000 -0.370639897
3.648000000 -0.373807973
3.656000000 -0.376889708
3.664000000 -0.379887820
3.672000000 -0.382804931
3.680000000 -0.385643572
3.688000000 -0.388406183
3.696000000 -0.391095121
3.704000000 -0.393712658
3.712000000 -0.396260989
3.720000000 -0.398742233
3.728000000 -0.401158433
3.736000000 -0.403511564
3.744000000 -0.405803532
3.752000000 -0.408036177
3.760000000 -0.410211279
3.768000000 -0.412330554
3.776000000 -0.414395662
3.784000000 -0.416408206
3.792000000 -0.418369735
3.800000000 -0.420281745
3.808000000 -0.422145685
3.816000000 -0.423962954
3.824000000 -0.425734903
3.832000000 -0.427462840
3.840000000 -0.429148030
3.848000000 -0.430791696
3.856000000 -0.432395022
3.864000000 -0.433959153
3.872000000 -0.435485194
3.880000000 -0.436974220
3.888000000 -0.438427265
3.896000000 -0.439845336
3.904000000 -0.441229404
3.912000000 -0.442580409
3.920000000 -0.443899263
3.928000000 -0.445186848
3.936000000 -0.446444020
3.944000000 -0.447671606
3.952000000 -0.448870408
3.960000000 -0.450041203
3.968000000 -0.451184745
3.976000000 -0.452301764
3.984000000 -0.453392967
3.992000000 -0.454459040
4.000000000 -0.455500649
4.008000000 -0.456518437
4.016000000 -0.457513031
4.024000000 -0.458485036
4.032000000 -0.459435042
4.040000000 -0.460363618
4.048000000 -0.461271320
4.056000000 -0.462158684
4.064000000 -0.463026231
4.072000000 -0.463874468
4.080000000 -0.464703887
4.088000000 -0.465514964
4.096000000 -0.466308162
4.104000000 -0.467083932
4.112000000 -0.467842709
4.120000000 -0.468584919
4.128000000 -0.469310973
4.136000000 -0.470021271
4.144000000 -0.470716203
4.152000000 -0.471396147
4.160000000 -0.472061469
4.168000000 -0.472712527
4.176000000 -0.473349667
4.184000000 -0.473973228
4.192000000 -0.474583536
4.200000000 -0.475180912
4.208000000 -0.475765664
4.216000000 -0.476338094
4.224000000 -0.476898497
4.232000000 -0.477447156
4.240000000 -0.477984349
4.248000000 -0.478510348
4.256000000 -0.479025413
4.264000000 -0.479529801
4.272000000 -0.480023761
4.280000000 -0.480507535
4.288000000 -0.480981359
4.296000000 -0.481445462
4.304000000 -0.481900067
4.312000000 -0.482345393
4.320000000 -0.482781650
4.328000000 -0.483209046
4.336000000 -0.483627781
4.344000000 -0.484038051
4.352000000 -0.484440046
4.360000000 -0.484833953
4.368000000 -0.485219952
4.376000000 -0.485598220
4.384000000 -0.485968929
4.392000000 -0.486332245
4.400000000 -0.486688333
4.408000000 -0.487037351
4.416000000 -0.487379455
4.424000000 -0.487714795
4.432000000 -0.488043520
4.440000000 -0.488365772
4.448000000 -0.488681692
4.456000000 -0.488991417
4.464000000 -0.489295081
4.472000000 -0.489592813
4.480000000 -0.489884739
4.488000000 -0.490170985
4.496000000 -0.490451670
4.504000000 -0.490726913
4.512000000 -0.490996829
4.520000000 -0.491261529
4.528000000 -0.491521124
4.536000000 -0.491775720
4.544000000 -0.492025421
4.552000000 -0.492270330
4.560000000 -0.492510546
4.568000000 -0.492746165
4.576000000 -0.492977284
4.584000000 -0.493203993
4.592000000 -0.493426385
4.600000000 -0.493644546
4.608000000 -0.493858564
4.616000000 -0.494068522
4.624000000 -0.494274504
4.632000000 -0.494476588
4.640000000 -0.494674854
4.648000000 -0.494869379
4.656000000 -0.495060237
4.664000000 -0.495247502
4.672000000 -0.495431246
4.680000000 -0.495611538
4.688000000 -0.495788446
4.696000000 -0.495962039
4.704000000 -0.496132380
4.712000000 -0.496299535
4.720000000 -0.496463565
4.728000000 -0.496624532
4.736000000 -0.496782495
4.744000000 -0.496937512
4.752000000 -0.497089642
4.760000000 -0.497238939
4.768000000 -0.497385459
4.776000000 -0.497529255
4.784000000 -0.497670379
4.792000000 -0.497808882
4.800000000 -0.497944815
4.808000000 -0.498078226
4.816000000 -0.498209164
4.824000000 -0.498337674
4.832000000 -0.498463804
4.840000000 -0.498587598
4.848000000 -0.498709100
4.856000000 -0.498828353
4.864000000 -0.498945398
4.872000000 -0.499060279
4.880000000 -0.499173033
4.888000000 -0.499283703
4.896000000 -0.499392324
4.904000000 -0.499498937
4.912000000 -0.499603578
4.920000000 -0.499706282
4.928000000 -0.499807087
4.936000000 -0.499906026
4.944000000 -0.500003133
4.952000000 -0.500098443
4.960000000 -0.500191988
4.968000000 -0.500283799
4.976000000 -0.500373909
4.984000000 -0.500462348
4.992000000 -0.500549146
5.000000000 -0.500634333
5.008000000 -0.500717937
5.016000000 -0.500799988
5.024000000 -0.500880513
5.032000000 -0.500959539
5.040000000 -0.501037092
5.048000000 -0.501113200
5.056000000 -0.501187887
5.064000000 -0.501261180
5.072000000 -0.501333101
5.080000000 -0.501403677
5.088000000 -0.501472929
5.096000000 -0.501540882
5.104000000 -0.501607559
5.112000000 -0.501672981
5.120000000 -0.501737171
5.128000000 -0.501800150
5.136000000 -0.501861939
5.144000000 -0.501922559
5.152000000 -0.501982030
5.160000000 -0.502040371
5.168000000 -0.502097603
5.176000000 -0.502153745
5.184000000 -0.502208815
5.192000000 -0.502262831
5.200000000 -0.502315812
5.208000000 -0.502367775
5.216000000 -0.502418738
5.224000000 -0.502468718
5.232000000 -0.502517732
5.240000000 -0.502565795
5.248000000 -0.502612924
5.256000000 -0.502659135
5.264000000 -0.502704443
5.272000000 -0.502748864
5.280000000 -0.502792412
5.288000000 -0.502835102
5.296000000 -0.502876949
5.304000000 -0.502917966
5.312000000 -0.502958168
5.320000000 -0.502997567
5.328000000 -0.503036178
5.336000000 -0.503074013
5.344000000 -0.503111086
5.352000000 -0.503147408
5.360000000 -0.503182993
5.368000000 -0.503217852
5.376000000 -0.503251997
5.384000000 -0.503285441
5.392000000 -0.503318194
5.400000000 -0.503350268
5.408000000 -0.503381674
5.416000000 -0.503412423
5.424000000 -0.503442525
5.432000000 -0.503471992
5.440000000 -0.503500833
5.448000000 -0.503529058
5.456000000 -0.503556677
5.464000000 -0.503583701
5.472000000 -0.503610138
5.480000000 -0.503635998
5.488000000 -0.503661291
5.496000000 -0.503686025
5.504000000 -0.503710209
5.512000000 -0.503733852
5.520000000 -0.503756962
5.528000000 -0.503779549
5.536000000 -0.503801619
5.544000000 -0.503823182
5.552000000 -0.503844244
5.560000000 -0.503864815
5.568000000 -0.503884902
5.576000000 -0.503904511
5.584000000 -0.503923651
5.592000000 -0.503942329
5.600000000 -0.503960551
5.608000000 -0.503978326
5.616000000 -0.503995659
5.624000000 -0.504012557
5.632000000 -0.504029027
5.640000000 -0.504045075
5.648000000 -0.504060708
5.656000000 -0.504075932
5.664000000 -0.504090753
5.672000000 -0.504105177
5.680000000 -0.504119209
5.688000000 -0.504132856
5.696000000 -0.504146122
5.704000000 -0.504159015
5.712000000 -0.504171538
5.720000000 -0.504183697
5.728000000 -0.504195498
5.736000000 -0.504206945
5.744000000 -0.504218043
5.752000000 -0.504228798
5.760000000 -0.504239213
5.768000000 -0.504249294
5.776000000 -0.504259045
5.784000000 -0.504268470
5.792000000 -0.504277575
5.800000000 -0.504286362
5.808000000 -0.504294837
5.816000000 -0.504303002
5.824000000 -0.504310863
5.832000000 -0.504318423
5.840000000 -0.504325686
5.848000000 -0.504332655
5.856000000 -0.504339333
5.864000000 -0.504345726
5.872000000 -0.504351835
5.880000000 -0.504357664
5.888000000 -0.504363216
5.896000000 -0.504368495
5.904000000 -0.504373502
5.912000000 -0.504378243
5.920000000 -0.504382718
5.928000000 -0.504386931
5.936000000 -0.504390884
5.944000000 -0.504394580
5.952000000 -0.504398022
5.960000000 -0.504401212
5.968000000 -0.504404151
5.976000000 -0.504406843
5.984000000 -0.504409290
5.992000000 -0.504411493
6.000000000 -0.504413454
6.008000000 -0.504415176
6.016000000 -0.504416659
6.024000000 -0.504417907
6.032000000 -0.504418919
6.040000000 -0.504419698
6.048000000 -0.504420246
6.056000000 -0.504420563
6.064000000 -0.504420651
6.072000000 -0.504420510
6.080000000 -0.504420143
6.088000000 -0.504419549
6.096000000 -0.504418731
6.104000000 -0.504417688
6.112000000 -0.504416421
6.120000000 -0.504414931
6.128000000 -0.504413219
6.136000000 -0.504411284
6.144000000 -0.504409128
6.152000000 -0.504406750
6.160000000 -0.504404151
6.168000000 -0.504401330
6.176000000 -0.504398288
6.184000000 -0.504395025
6.192000000 -0.504391540
6.200000000 -0.504387833
6.208000000 -0.504383903
6.216000000 -0.504379751
6.224000000 -0.504375375
6.232000000 -0.504370775
6.240000000 -0.504365950
6.248000000 -0.504360899
6.256000000 -0.504355621
6.264000000 -0.504350115
6.272000000 -0.504344380
6.280000000 -0.504338415
6.288000000 -0.504332218
6.296000000 -0.504325787
6.304000000 -0.504319121
6.312000000 -0.504312219
6.320000000 -0.504305078
6.328000000 -0.504297697
6.336000000 -0.504290073
6.344000000 -0.504282205
6.352000000 -0.504274090
6.360000000 -0.504265725
6.368000000 -0.504257109
6.376000000 -0.504248238
6.384000000 -0.504239111
6.392000000 -0.504229723
6.400000000 -0.504220073
6.408000000 -0.504210157
6.416000000 -0.504199972
6.424000000 -0.504189514
6.432000000 -0.504178781
6.440000000 -0.504167768
6.448000000 -0.504156473
6.456000000 -0.504144891
6.464000000 -0.504133018
6.472000000 -0.504120850
6.480000000 -0.504108383
6.488000000 -0.504095614
6.496000000 -0.504082536
6.504000000 -0.504069146
6.512000000 -0.504055440
6.520000000 -0.504041412
6.528000000 -0.504027056
6.536000000 -0.504012369
6.544000000 -0.503997345
6.552000000 -0.503981979
6.560000000 -0.503966264
6.568000000 -0.503950196
6.576000000 -0.503933768
6.584000000 -0.503916975
6.592000000 -0.503899810
6.600000000 -0.503882267
6.608000000 -0.503864339
6.616000000 -0.503846021
6.624000000 -0.503827306
6.632000000 -0.503808185
6.640000000 -0.503788654
6.648000000 -0.503768703
6.656000000 -0.503748327
6.664000000 -0.503727517
6.672000000 -0.503706266
6.680000000 -0.503684565
6.688000000 -0.503662408
6.696000000 -0.503639785
6.704000000 -0.503616689
6.712000000 -0.503593111
6.720000000 -0.503569043
6.728000000 -0.503544474
6.736000000 -0.503519398
6.744000000 -0.503493803
6.752000000 -0.503467682
6.760000000 -0.503441024
6.768000000 -0.503413820
6.776000000 -0.503386059
6.784000000 -0.503357733
6.792000000 -0.503328830
6.800000000 -0.503299340
6.808000000 -0.503269253
6.816000000 -0.503238557
6.824000000 -0.503207243
6.832000000 -0.503175298
6.840000000 -0.503142711
6.848000000 -0.503109471
6.856000000 -0.503075567
6.864000000 -0.503040985
6.872000000 -0.503005715
6.880000000 -0.502969743
6.888000000 -0.502933058
6.896000000 -0.502895647
6.904000000 -0.502857496
6.912000000 -0.502818593
6.920000000 -0.502778925
6.928000000 -0.502738477
6.936000000 -0.502697237
6.944000000 -0.502655191
6.952000000 -0.502612324
6.960000000 -0.502568623
6.968000000 -0.502524072
6.976000000 -0.502478658
6.984000000 -0.502432365
6.992000000 -0.502385179
7.000000000 -0.502337083
7.008000000 -0.502288064
7.016000000 -0.502238105
7.024000000 -0.502187190
7.032000000 -0.502135303
7.040000000 -0.502082428
7.048000000 -0.502028549
7.056000000 -0.501973649
7.064000000 -0.501917711
7.072000000 -0.501860718
7.080000000 -0.501802653
7.088000000 -0.501743499
7.096000000 -0.501683237
7.104000000 -0.501621851
7.112000000 -0.501559321
7.120000000 -0.501495630
7.128000000 -0.501430760
7.136000000 -0.501364691
7.144000000 -0.501297406
7.152000000 -0.501228884
7.160000000 -0.501159107
7.168000000 -0.501088055
7.176000000 -0.501015709
7.184000000 -0.500942050
7.192000000 -0.500867056
7.200000000 -0.500790708
7.208000000 -0.500712985
7.216000000 -0.500633868
7.224000000 -0.500553334
7.232000000 -0.500471364
7.240000000 -0.500387937
7.248000000 -0.500303030
7.256000000 -0.500216623
7.264000000 -0.500128694
7.272000000 -0.500039221
7.280000000 -0.499948183
7.288000000 -0.499855556
7.296000000 -0.499761319
7.304000000 -0.499665450
7.312000000 -0.499567925
7.320000000 -0.499468722
7.328000000 -0.499367818
7.336000000 -0.499265190
7.344000000 -0.499160814
7.352000000 -0.499054667
7.360000000 -0.498946726
7.368000000 -0.498836966
7.376000000 -0.498725365
7.384000000 -0.498611897
7.392000000 -0.498496539
7.400000000 -0.498379266
7.408000000 -0.498260055
7.416000000 -0.498138879
7.424000000 -0.498015716
7.432000000 -0.497890539
7.440000000 -0.497763324
7.448000000 -0.497634047
7.456000000 -0.497502681
7.464000000 -0.497369201
7.472000000 -0.497233583
7.480000000 -0.497095800
7.488000000 -0.496955828
7.496000000 -0.496813639
7.504000000 -0.496669210
7.512000000 -0.496522513
7.520000000 -0.496373523
7.528000000 -0.496222214
7.536000000 -0.496068559
7.544000000 -0.495912533
7.552000000 -0.495754109
7.560000000 -0.495593262
7.568000000 -0.495429963
7.576000000 -0.495264189
7.584000000 -0.495095911
7.592000000 -0.494925103
7.600000000 -0.494751739
7.608000000 -0.494575792
7.616000000 -0.494397236
7.624000000 -0.494216043
7.632000000 -0.494032188
7.640000000 -0.493845643
7.648000000 -0.493656383
7.656000000 -0.493464379
7.664000000 -0.493269606
7.672000000 -0.493072037
7.680000000 -0.492871645
7.688000000 -0.492668404
7.696000000 -0.492462286
7.704000000 -0.492253266
7.712000000 -0.492041316
7.720000000 -0.491826410
7.728000000 -0.491608522
7.736000000 -0.491387625
7.744000000 -0.491163692
7.752000000 -0.490936698
7.760000000 -0.490706616
7.768000000 -0.490473420
7.776000000 -0.490237083
7.784000000 -0.489997580
7.792000000 -0.489754884
7.800000000 -0.489508970
7.808000000 -0.489259812
7.816000000 -0.489007383
7.824000000 -0.488751660
7.832000000 -0.488492615
7.840000000 -0.488230224
7.848000000 -0.487964461
7.856000000 -0.487695302
7.864000000 -0.487422721
7.872000000 -0.487146693
7.880000000 -0.486867194
7.888000000 -0.486584199
7.896000000 -0.486297684
7.904000000 -0.486007624
7.912000000 -0.485713996
7.920000000 -0.485416776
7.928000000 -0.485115939
7.936000000 -0.484811463
7.944000000 -0.484503324
7.952000000 -0.484191498
7.960000000 -0.483875964
7.968000000 -0.483556698
7.976000000 -0.483233678
7.984000000 -0.482906881
7.992000000 -0.482576286
8.000000000 -0.482241870
8.008000000 -0.481903612
8.016000000 -0.481561491
8.024000000 -0.481215486
8.032000000 -0.480865575
8.040000000 -0.480511738
8.048000000 -0.480153955
8.056000000 -0.479792205
8.064000000 -0.479426470
8.072000000 -0.479056728
8.080000000 -0.478682962
8.088000000 -0.478305152
8.096000000 -0.477923279
8.104000000 -0.477537325
8.112000000 -0.477147273
8.120000000 -0.476753103
8.128000000 -0.476354800
8.136000000 -0.475952345
8.144000000 -0.475545722
8.152000000 -0.475134915
8.160000000 -0.474719907
8.168000000 -0.474300682
8.176000000 -0.473877225
8.184000000 -0.473449521
8.192000000 -0.473017556
8.200000000 -0.472581313
8.208000000 -0.472140781
8.216000000 -0.471695944
8.224000000 -0.471246790
8.232000000 -0.470793305
8.240000000 -0.470335477
8.248000000 -0.469873294
8.256000000 -0.469406743
8.264000000 -0.468935814
8.272000000 -0.468460495
8.280000000 -0.467980775
8.288000000 -0.467496645
8.296000000 -0.467008094
8.304000000 -0.466515113
8.312000000 -0.466017692
8.320000000 -0.465515824
8.328000000 -0.465009499
8.336000000 -0.464498710
8.344000000 -0.463983449
8.352000000 -0.463463709
8.360000000 -0.462939484
8.368000000 -0.462410767
8.376000000 -0.461877553
8.384000000 -0.461339835
8.392000000 -0.460797611
8.400000000 -0.460250873
8.408000000 -0.459699620
8.416000000 -0.459143846
8.424000000 -0.458583549
8.432000000 -0.458018727
8.440000000 -0.457449375
8.448000000 -0.456875494
8.456000000 -0.456297081
8.464000000 -0.455714135
8.472000000 -0.455126655
8.480000000 -0.454534642
8.488000000 -0.453938096
8.496000000 -0.453337018
8.504000000 -0.452731408
8.512000000 -0.452121269
8.520000000 -0.451506603
8.528000000 -0.450887411
8.536000000 -0.450263698
8.544000000 -0.449635466
8.552000000 -0.449002719
8.560000000 -0.448365463
8.568000000 -0.447723701
8.576000000 -0.447077439
8.584000000 -0.446426682
8.592000000 -0.445771437
8.600000000 -0.445111710
8.608000000 -0.444447509
8.616000000 -0.443778840
8.624000000 -0.443105712
8.632000000 -0.442428133
8.640000000 -0.441746112
8.648000000 -0.441059659
8.656000000 -0.440368782
8.664000000 -0.439673492
8.672000000 -0.438973800
8.680000000 -0.438269716
8.688000000 -0.437561253
8.696000000 -0.436848421
8.704000000 -0.436131234
8.712000000 -0.435409704
8.720000000 -0.434683844
8.728000000 -0.433953668
8.736000000 -0.433219191
8.744000000 -0.432480425
8.752000000 -0.431737387
8.760000000 -0.430990092
8.768000000 -0.430238555
8.776000000 -0.429482792
8.784000000 -0.428722821
8.792000000 -0.427958658
8.800000000 -0.427190320
8.808000000 -0.426417825
8.816000000 -0.425641192
8.824000000 -0.424860439
8.832000000 -0.424075585
8.840000000 -0.423286649
8.848000000 -0.422493651
8.856000000 -0.421696612
8.864000000 -0.420895551
8.872000000 -0.420090490
8.880000000 -0.419281450
8.888000000 -0.418468452
8.896000000 -0.417651520
8.904000000 -0.416830674
8.912000000 -0.416005938
8.920000000 -0.415177335
8.928000000 -0.414344888
8.936000000 -0.413508622
8.944000000 -0.412668560
8.952000000 -0.411824727
8.960000000 -0.410977148
8.968000000 -0.410125847
8.976000000 -0.409270851
8.984000000 -0.408412185
8.992000000 -0.407549876
9.000000000 -0.406683950
9.008000000 -0.405814433
9.016000000 -0.404941353
9.024000000 -0.404064737
9.032000000 -0.403184614
9.040000000 -0.402301010
9.048000000 -0.401413954
9.056000000 -0.400523476
9.064000000 -0.399629603
9.072000000 -0.398732365
9.080000000 -0.397831791
9.088000000 -0.396927911
9.096000000 -0.396020755
9.104000000 -0.395110353
9.112000000 -0.394196736
9.120000000 -0.393279934
9.128000000 -0.392359978
9.136000000 -0.391436900
9.144000000 -0.390510731
9.152000000 -0.389581502
9.160000000 -0.388649246
9.168000000 -0.387713994
9.176000000 -0.386775780
9.184000000 -0.385834635
9.192000000 -0.384890591
9.200000000 -0.383943684
9.208000000 -0.382993944
9.216000000 -0.382041406
9.224000000 -0.381086103
9.232000000 -0.380128069
9.240000000 -0.379167338
9.248000000 -0.378203944
9.256000000 -0.377237920
9.264000000 -0.376269302
9.272000000 -0.375298124
9.280000000 -0.374324420
9.288000000 -0.373348226
9.296000000 -0.372369576
9.304000000 -0.371388506
9.312000000 -0.370405050
9.320000000 -0.369419245
9.328000000 -0.368431125
9.336000000 -0.367440726
9.344000000 -0.366448084
9.352000000 -0.365453234
9.360000000 -0.364456214
9.368000000 -0.363457057
9.376000000 -0.362455802
9.384000000 -0.361452483
9.392000000 -0.360447138
9.400000000 -0.359439801
9.408000000 -0.358430511
9.416000000 -0.357419303
9.424000000 -0.356406214
9.432000000 -0.355391281
9.440000000 -0.354374540
9.448000000 -0.353356027
9.456000000 -0.352335781
9.464000000 -0.351313836
9.472000000 -0.350290231
9.480000000 -0.349265002
9.488000000 -0.348238185
9.496000000 -0.347209819
9.504000000 -0.346179939
9.512000000 -0.345148583
9.520000000 -0.344115787
9.528000000 -0.343081589
9.536000000 -0.342046025
9.544000000 -0.341009132
9.552000000 -0.339970947
9.560000000 -0.338931508
9.568000000 -0.337890850
9.576000000 -0.336849011
9.584000000 -0.335806028
9.592000000 -0.334761936
9.600000000 -0.333716774
9.608000000 -0.332670578
9.616000000 -0.331623384
9.624000000 -0.330575228
9.632000000 -0.329526149
9.640000000 -0.328476181
9.648000000 -0.327425361
9.656000000 -0.326373727
9.664000000 -0.325321313
9.672000000 -0.324268157
9.680000000 -0.323214294
9.688000000 -0.322159760
9.696000000 -0.321104592
9.704000000 -0.320048826
9.712000000 -0.318992496
9.720000000 -0.317935639
9.728000000 -0.316878290
9.736000000 -0.315820486
9.744000000 -0.314762261
9.752000000 -0.313703650
9.760000000 -0.312644689
9.768000000 -0.311585412
9.776000000 -0.310525856
9.784000000 -0.309466054
9.792000000 -0.308406041
9.800000000 -0.307345852
9.808000000 -0.306285521
9.816000000 -0.305225083
9.824000000 -0.304164571
9.832000000 -0.303104021
9.840000000 -0.302043464
9.848000000 -0.300982936
9.856000000 -0.299922470
9.864000000 -0.298862099
9.872000000 -0.297801857
9.880000000 -0.296741776
9.888000000 -0.295681890
9.896000000 -0.294622232
9.904000000 -0.293562834
9.912000000 -0.292503728
9.920000000 -0.291444947
9.928000000 -0.290386523
9.936000000 -0.289328488
9.944000000 -0.288270874
9.952000000 -0.287213712
9.960000000 -0.286157034
9.968000000 -0.285100871
9.976000000 -0.284045254
9.984000000 -0.282990214
9.992000000 -0.281935782
10.000000000 -0.280881987
10.008000000 -0.279828861
10.016000000 -0.278776434
10.024000000 -0.277724735
10.032000000 -0.276673794
10.040000000 -0.275623640
10.048000000 -0.274574304
10.056000000 -0.273525814
10.064000000 -0.272478198
10.072000000 -0.271431487
10.080000000 -0.270385707
10.088000000 -0.269340888
10.096000000 -0.268297058
10.104000000 -0.267254244
10.112000000 -0.266212473
10.120000000 -0.265171775
10.128000000 -0.264132175
10.136000000 -0.263093701
10.144000000 -0.262056379
10.152000000 -0.261020237
10.160000000 -0.259985300
10.168000000 -0.258951594
10.176000000 -0.257919146
10.184000000 -0.256887982
10.192000000 -0.255858125
10.200000000 -0.254829603
10.208000000 -0.253802440
10.216000000 -0.252776661
10.224000000 -0.251752289
10.232000000 -0.250729351
10.240000000 -0.249707869
10.248000000 -0.248687868
10.256000000 -0.247669372
10.264000000 -0.246652403
10.272000000 -0.245636985
10.280000000 -0.244623141
10.288000000 -0.243610894
10.296000000 -0.242600266
10.304000000 -0.241591279
10.312000000 -0.240583957
10.320000000 -0.239578319
10.328000000 -0.238574389
10.336000000 -0.237572187
10.344000000 -0.236571734
10.352000000 -0.235573052
10.360000000 -0.234576161
10.368000000 -0.233581081
10.376000000 -0.232587833
10.384000000 -0.231596437
10.392000000 -0.230606912
10.400000000 -0.229619278
10.408000000 -0.228633554
10.416000000 -0.227649759
10.424000000 -0.226667913
10.432000000 -0.225688033
10.440000000 -0.224710138
10.448000000 -0.223734246
10.456000000 -0.222760375
10.464000000 -0.221788543
10.472000000 -0.220818767
10.480000000 -0.219851064
10.488000000 -0.218885451
10.496000000 -0.217921946
10.504000000 -0.216960563
10.512000000 -0.216001321
10.520000000 -0.215044234
10.528000000 -0.214089319
10.536000000 -0.213136592
10.544000000 -0.212186067
10.552000000 -0.211237759
10.560000000 -0.210291685
10.568000000 -0.209347858
10.576000000 -0.208406293
10.584000000 -0.207467004
10.592000000 -0.206530005
10.600000000 -0.205595310
10.608000000 -0.204662933
10.616000000 -0.203732887
10.624000000 -0.202805185
10.632000000 -0.201879840
10.640000000 -0.200956865
10.648000000 -0.200036272
10.656000000 -0.199118073
10.664000000 -0.198202282
10.672000000 -0.197288909
10.680000000 -0.196377966
10.688000000 -0.195469465
10.696000000 -0.194563416
10.704000000 -0.193659831
10.712000000 -0.192758721
10.720000000 -0.191860097
10.728000000 -0.190963967
10.736000000 -0.190070344
10.744000000 -0.189179236
10.752000000 -0.188290654
10.760000000 -0.187404608
10.768000000 -0.186521105
10.776000000 -0.185640156
10.784000000 -0.184761770
10.792000000 -0.183885955
10.800000000 -0.183012720
10.808000000 -0.182142074
10.816000000 -0.181274024
10.824000000 -0.180408578
10.832000000 -0.179545744
10.840000000 -0.178685531
10.848000000 -0.177827945
10.856000000 -0.176972993
10.864000000 -0.176120682
10.872000000 -0.175271020
10.880000000 -0.174424013
10.888000000 -0.173579667
10.896000000 -0.172737989
10.904000000 -0.171898985
10.912000000 -0.171062661
10.920000000 -0.170229022
10.928000000 -0.169398074
10.936000000 -0.168569823
10.944000000 -0.167744273
10.952000000 -0.166921430
10.960000000 -0.166101298
10.968000000 -0.165283883
10.976000000 -0.164469188
10.984000000 -0.163657218
10.992000000 -0.162847978
11.000000000 -0.162041470
11.008000000 -0.161237700
11.016000000 -0.160436671
11.024000000 -0.159638386
11.032000000 -0.158842848
11.040000000 -0.158050061
11.048000000 -0.157260028
11.056000000 -0.156472752
11.064000000 -0.155688235
11.072000000 -0.154906480
11.080000000 -0.154127490
11.088000000 -0.153351266
11.096000000 -0.152577811
11.104000000 -0.151807127
11.112000000 -0.151039215
11.120000000 -0.150274077
11.128000000 -0.149511715
11.136000000 -0.148752129
11.144000000 -0.147995323
11.152000000 -0.147241295
11.160000000 -0.146490047
11.168000000 -0.145741581
11.176000000 -0.144995896
11.184000000 -0.144252994
11.192000000 -0.143512874
11.200000000 -0.142775537
11.208000000 -0.142040983
11.216000000 -0.141309212
11.224000000 -0.140580223
11.232000000 -0.139854017
11.240000000 -0.139130593
11.248000000 -0.138409951
11.256000000 -0.137692090
11.264000000 -0.136977009
11.272000000 -0.136264707
11.280000000 -0.135555183
11.288000000 -0.134848437
11.296000000 -0.134144466
11.304000000 -0.133443270
11.312000000 -0.132744847
11.320000000 -0.132049195
11.328000000 -0.131356313
11.336000000 -0.130666198
11.344000000 -0.129978849
11.352000000 -0.129294264
11.360000000 -0.128612441
11.368000000 -0.127933377
11.376000000 -0.127257070
11.384000000 -0.126583518
11.392000000 -0.125912717
11.400000000 -0.125244666
11.408000000 -0.124579361
11.416000000 -0.123916800
11.424000000 -0.123256979
11.432000000 -0.122599896
11.440000000 -0.121945547
11.448000000 -0.121293929
11.456000000 -0.120645039
11.464000000 -0.119998872
11.472000000 -0.119355427
11.480000000 -0.118714698
11.488000000 -0.118076683
11.496000000 -0.117441377
11.504000000 -0.116808777
11.512000000 -0.116178878
11.520000000 -0.115551677
11.528000000 -0.114927169
11.536000000 -0.114305351
11.544000000 -0.113686216
11.552000000 -0.113069763
11.560000000 -0.112455985
11.568000000 -0.111844878
11.576000000 -0.111236439
11.584000000 -0.110630661
11.592000000 -0.110027540
11.600000000 -0.109427072
11.608000000 -0.108829251
11.616000000 -0.108234072
11.624000000 -0.107641531
11.632000000 -0.107051622
11.640000000 -0.106464341
11.648000000 -0.105879680
11.656000000 -0.105297637
11.664000000 -0.104718204
11.672000000 -0.104141377
11.680000000 -0.103567150
11.688000000 -0.102995517
11.696000000 -0.102426473
11.704000000 -0.101860012
11.712000000 -0.101296129
11.720000000 -0.100734817
11.728000000 -0.100176070
11.736000000 -0.099619883
11.744000000 -0.099066250
11.752000000 -0.098515165
11.760000000 -0.097966621
11.768000000 -0.097420613
11.776000000 -0.096877134
11.784000000 -0.096336177
11.792000000 -0.095797738
11.800000000 -0.095261809
11.808000000 -0.094728383
11.816000000 -0.094197455
11.824000000 -0.093669019
11.832000000 -0.093143067
11.840000000 -0.092619592
11.848000000 -0.092098589
11.856000000 -0.091580051
11.864000000 -0.091063971
11.872000000 -0.090550342
11.880000000 -0.090039157
11.888000000 -0.089530410
11.896000000 -0.089024094
11.904000000 -0.088520202
11.912000000 -0.088018727
11.920000000 -0.087519662
11.928000000 -0.087023000
11.936000000 -0.086528734
11.944000000 -0.086036857
11.952000000 -0.085547362
11.960000000 -0.085060242
11.968000000 -0.084575489
11.976000000 -0.084093097
11.984000000 -0.083613059
11.992000000 -0.083135366
12.000000000 -0.082660012
12.008000000 -0.082186990
12.016000000 -0.081716292
12.024000000 -0.081247910
12.032000000 -0.080781838
12.040000000 -0.080318069
12.048000000 -0.079856594
12.056000000 -0.079397406
12.064000000 -0.078940498
12.072000000 -0.078485863
12.080000000 -0.078033492
12.088000000 -0.077583379
12.096000000 -0.077135515
12.104000000 -0.076689894
12.112000000 -0.076246508
12.120000000 -0.075805349
12.128000000 -0.075366409
12.136000000 -0.074929681
12.144000000 -0.074495158
12.152000000 -0.074062831
12.160000000 -0.073632693
12.168000000 -0.073204737
12.176000000 -0.072778954
12.184000000 -0.072355337
12.192000000 -0.071933879
12.200000000 -0.071514571
12.208000000 -0.071097406
12.216000000 -0.070682375
12.224000000 -0.070269473
12.232000000 -0.069858690
12.240000000 -0.069450018
12.248000000 -0.069043451
12.256000000 -0.068638980
12.264000000 -0.068236597
12.272000000 -0.067836296
12.280000000 -0.067438067
12.288000000 -0.067041903
12.296000000 -0.066647797
12.304000000 -0.066255740
12.312000000 -0.065865724
12.320000000 -0.065477743
12.328000000 -0.065091788
12.336000000 -0.064707851
12.344000000 -0.064325924
12.352000000 -0.063946000
12.360000000 -0.063568071
12.368000000 -0.063192129
12.376000000 -0.062818166
12.384000000 -0.062446174
12.392000000 -0.062076145
12.400000000 -0.061708073
12.408000000 -0.061341948
12.416000000 -0.060977764
12.424000000 -0.060615511
12.432000000 -0.060255183
12.440000000 -0.059896772
12.448000000 -0.059540269
12.456000000 -0.059185668
12.464000000 -0.058832960
12.472000000 -0.058482137
12.480000000 -0.058133192
12.488000000 -0.057786117
12.496000000 -0.057440903
12.504000000 -0.057097545
12.512000000 -0.056756033
12.520000000 -0.056416359
12.528000000 -0.056078517
12.536000000 -0.055742499
12.544000000 -0.055408295
12.552000000 -0.055075900
12.560000000 -0.054745305
12.568000000 -0.054416503
12.576000000 -0.054089486
12.584000000 -0.053764245
12.592000000 -0.053440774
12.600000000 -0.053119065
12.608000000 -0.052799110
12.616000000 -0.052480902
12.624000000 -0.052164433
12.632000000 -0.051849695
12.640000000 -0.051536680
12.648000000 -0.051225382
12.656000000 -0.050915792
12.664000000 -0.050607904
12.672000000 -0.050301708
12.680000000 -0.049997199
12.688000000 -0.049694368
12.696000000 -0.049393207
12.704000000 -0.049093710
12.712000000 -0.048795869
12.720000000 -0.048499676
12.728000000 -0.048205124
12.736000000 -0.047912206
12.744000000 -0.047620914
12.752000000 -0.047331240
12.760000000 -0.047043177
12.768000000 -0.046756719
12.776000000 -0.046471856
12.784000000 -0.046188583
12.792000000 -0.045906892
12.800000000 -0.045626775
12.808000000 -0.045348225
12.816000000 -0.045071236
12.824000000 -0.044795798
12.832000000 -0.044521907
12.840000000 -0.044249553
12.848000000 -0.043978730
12.856000000 -0.043709431
12.864000000 -0.043441648
12.872000000 -0.043175375
12.880000000 -0.042910604
12.888000000 -0.042647328
12.896000000 -0.042385541
12.904000000 -0.042125234
12.912000000 -0.041866400
12.920000000 -0.041609034
12.928000000 -0.041353127
12.936000000 -0.041098673
12.944000000 -0.040845665
12.952000000 -0.040594096
12.960000000 -0.040343958
12.968000000 -0.040095245
12.976000000 -0.039847950
12.984000000 -0.039602067
12.992000000 -0.039357587
13.000000000 -0.039114505
13.008000000 -0.038872813
13.016000000 -0.038632504
13.024000000 -0.038393573
13.032000000 -0.038156012
13.040000000 -0.037919814
13.048000000 -0.037684972
13.056000000 -0.037451480
13.064000000 -0.037219332
13.072000000 -0.036988520
13.080000000 -0.036759038
13.088000000 -0.036530879
13.096000000 -0.036304037
13.104000000 -0.036078504
13.112000000 -0.035854276
13.120000000 -0.035631344
13.128000000 -0.035409702
13.136000000 -0.035189344
13.144000000 -0.034970264
13.152000000 -0.034752455
13.160000000 -0.034535910
13.168000000 -0.034320623
13.176000000 -0.034106588
13.184000000 -0.033893798
13.192000000 -0.033682247
13.200000000 -0.033471929
13.208000000 -0.033262837
13.216000000 -0.033054965
13.224000000 -0.032848307
13.232000000 -0.032642856
13.240000000 -0.032438607
13.248000000 -0.032235553
13.256000000 -0.032033687
13.264000000 -0.031833005
13.272000000 -0.031633499
13.280000000 -0.031435164
13.288000000 -0.031237993
13.296000000 -0.031041981
13.304000000 -0.030847121
13.312000000 -0.030653407
13.320000000 -0.030460834
13.328000000 -0.030269395
13.336000000 -0.030079084
13.344000000 -0.029889896
13.352000000 -0.029701825
13.360000000 -0.029514864
13.368000000 -0.029329008
13.376000000 -0.029144251
13.384000000 -0.028960588
13.392000000 -0.028778012
13.400000000 -0.028596517
13.408000000 -0.028416098
13.416000000 -0.028236750
13.424000000 -0.028058466
13.432000000 -0.027881241
13.440000000 -0.027705069
13.448000000 -0.027529944
13.456000000 -0.027355861
13.464000000 -0.027182815
13.472000000 -0.027010799
13.480000000 -0.026839809
13.488000000 -0.026669838
13.496000000 -0.026500882
13.504000000 -0.026332934
13.512000000 -0.026165989
13.520000000 -0.026000043
13.528000000 -0.025835088
13.536000000 -0.025671121
13.544000000 -0.025508135
13.552000000 -0.025346126
13.560000000 -0.025185088
13.568000000 -0.025025015
13.576000000 -0.024865903
13.584000000 -0.024707746
13.592000000 -0.024550539
13.600000000 -0.024394277
13.608000000 -0.024238954
13.616000000 -0.024084566
13.624000000 -0.023931107
13.632000000 -0.023778573
13.640000000 -0.023626957
13.648000000 -0.023476255
13.656000000 -0.023326463
13.664000000 -0.023177574
13.672000000 -0.023029584
13.680000000 -0.022882488
13.688000000 -0.022736281
13.696000000 -0.022590958
13.704000000 -0.022446514
13.712000000 -0.022302945
13.720000000 -0.022160244
13.728000000 -0.022018409
13.736000000 -0.021877432
13.744000000 -0.021737311
13.752000000 -0.021598040
13.760000000 -0.021459614
13.768000000 -0.021322029
13.776000000 -0.021185279
13.784000000 -0.021049361
13.792000000 -0.020914269
13.800000000 -0.020779999
13.808000000 -0.020646546
13.816000000 -0.020513905
13.824000000 -0.020382072
13.832000000 -0.020251043
13.840000000 -0.020120813
13.848000000 -0.019991377
13.856000000 -0.019862731
13.864000000 -0.019734870
13.872000000 -0.019607789
13.880000000 -0.019481486
13.888000000 -0.019355954
13.896000000 -0.019231189
13.904000000 -0.019107188
13.912000000 -0.018983946
13.920000000 -0.018861458
13.928000000 -0.018739720
13.936000000 -0.018618728
13.944000000 -0.018498478
13.952000000 -0.018378964
13.960000000 -0.018260184
13.968000000 -0.018142133
13.976000000 -0.018024806
13.984000000 -0.017908200
13.992000000 -0.017792310
14.000000000 -0.017677132
14.008000000 -0.017562662
14.016000000 -0.017448897
14.024000000 -0.017335831
14.032000000 -0.017223460
14.040000000 -0.017111782
14.048000000 -0.017000791
14.056000000 -0.016890484
14.064000000 -0.016780856
14.072000000 -0.016671905
14.080000000 -0.016563625
14.088000000 -0.016456013
14.096000000 -0.016349065
14.104000000 -0.016242777
14.112000000 -0.016137145
14.120000000 -0.016032166
14.128000000 -0.015927835
14.136000000 -0.015824150
14.144000000 -0.015721105
14.152000000 -0.015618697
14.160000000 -0.015516923
14.168000000 -0.015415778
14.176000000 -0.015315259
14.184000000 -0.015215363
14.192000000 -0.015116085
14.200000000 -0.015017423
14.208000000 -0.014919371
14.216000000 -0.014821928
14.224000000 -0.014725088
14.232000000 -0.014628849
14.240000000 -0.014533207
14.248000000 -0.014438158
14.256000000 -0.014343699
14.264000000 -0.014249826
14.272000000 -0.014156536
14.280000000 -0.014063826
14.288000000 -0.013971691
14.296000000 -0.013880129
14.304000000 -0.013789136
14.312000000 -0.013698709
14.320000000 -0.013608844
14.328000000 -0.013519537
14.336000000 -0.013430786
14.344000000 -0.013342588
14.352000000 -0.013254938
14.360000000 -0.013167833
14.368000000 -0.013081271
14.376000000 -0.012995248
14.384000000 -0.012909761
14.392000000 -0.012824806
14.400000000 -0.012740380
14.408000000 -0.012656481
14.416000000 -0.012573104
14.424000000 -0.012490247
14.432000000 -0.012407906
14.440000000 -0.012326079
14.448000000 -0.012244762
14.456000000 -0.012163953
14.464000000 -0.012083647
14.472000000 -0.012003843
14.480000000 -0.011924536
14.488000000 -0.011845724
14.496000000 -0.011767404
14.504000000 -0.011689574
14.512000000 -0.011612228
14.520000000 -0.011535366
14.528000000 -0.011458984
14.536000000 -0.011383079
14.544000000 -0.011307648
14.552000000 -0.011232688
14.560000000 -0.011158196
14.568000000 -0.011084170
14.576000000 -0.011010606
14.584000000 -0.010937502
14.592000000 -0.010864854
14.600000000 -0.010792661
14.608000000 -0.010720919
14.616000000 -0.010649625
14.624000000 -0.010578776
14.632000000 -0.010508371
14.640000000 -0.010438406
14.648000000 -0.010368877
14.656000000 -0.010299784
14.664000000 -0.010231122
14.672000000 -0.010162890
14.680000000 -0.010095084
14.688000000 -0.010027702
14.696000000 -0.009960742
14.704000000 -0.009894200
14.712000000 -0.009828073
14.720000000 -0.009762361
14.728000000 -0.009697059
14.736000000 -0.009632165
14.744000000 -0.009567677
14.752000000 -0.009503591
14.760000000 -0.009439907
14.768000000 -0.009376620
14.776000000 -0.009313729
14.784000000 -0.009251231
14.792000000 -0.009189123
14.800000000 -0.009127404
14.808000000 -0.009066070
14.816000000 -0.009005119
14.824000000 -0.008944548
14.832000000 -0.008884357
14.840000000 -0.008824540
14.848000000 -0.008765098
14.856000000 -0.008706026
14.864000000 -0.008647324
14.872000000 -0.008588987
14.880000000 -0.008531015
14.888000000 -0.008473404
14.896000000 -0.008416153
14.904000000 -0.008359259
14.912000000 -0.008302720
14.920000000 -0.008246533
14.928000000 -0.008190696
14.936000000 -0.008135208
14.944000000 -0.008080065
14.952000000 -0.008025266
14.960000000 -0.007970808
14.968000000 -0.007916689
14.976000000 -0.007862907
14.984000000 -0.007809460
14.992000000 -0.007756345
15.000000000 -0.007703561
15.008000000 -0.007651105
15.016000000 -0.007598975
15.024000000 -0.007547169
15.032000000 -0.007495685
15.040000000 -0.007444520
15.048000000 -0.007393674
15.056000000 -0.007343143
15.064000000 -0.007292925
15.072000000 -0.007243019
15.080000000 -0.007193423
15.088000000 -0.007144133
15.096000000 -0.007095150
15.104000000 -0.007046469
15.112000000 -0.006998090
15.120000000 -0.006950011
15.128000000 -0.006902228
15.136000000 -0.006854742
15.144000000 -0.006807548
15.152000000 -0.006760647
15.160000000 -0.006714034
15.168000000 -0.006667710
15.176000000 -0.006621671
15.184000000 -0.006575916
15.192000000 -0.006530444
15.200000000 -0.006485251
15.208000000 -0.006440336
15.216000000 -0.006395698
15.224000000 -0.006351334
15.232000000 -0.006307243
15.240000000 -0.006263423
15.248000000 -0.006219872
15.256000000 -0.006176587
15.264000000 -0.006133569
15.272000000 -0.006090814
15.280000000 -0.006048320
15.288000000 -0.006006087
15.296000000 -0.005964112
15.304000000 -0.005922394
15.312000000 -0.005880930
15.320000000 -0.005839720
15.328000000 -0.005798761
15.336000000 -0.005758051
15.344000000 -0.005717589
15.352000000 -0.005677374
15.360000000 -0.005637403
15.368000000 -0.005597675
15.376000000 -0.005558188
15.384000000 -0.005518940
15.392000000 -0.005479931
15.400000000 -0.005441158
15.408000000 -0.005402619
15.416000000 -0.005364313
15.424000000 -0.005326239
15.432000000 -0.005288395
15.440000000 -0.005250779
15.448000000 -0.005213389
15.456000000 -0.005176224
15.464000000 -0.005139283
15.472000000 -0.005102564
15.480000000 -0.005066065
15.488000000 -0.005029785
15.496000000 -0.004993722
15.504000000 -0.004957875
15.512000000 -0.004922243
15.520000000 -0.004886823
15.528000000 -0.004851614
15.536000000 -0.004816615
15.544000000 -0.004781824
15.552000000 -0.004747241
15.560000000 -0.004712862
15.568000000 -0.004678688
15.576000000 -0.004644715
15.584000000 -0.004610944
15.592000000 -0.004577373
15.600000000 -0.004544000
15.608000000 -0.004510823
15.616000000 -0.004477842
15.624000000 -0.004445055
15.632000000 -0.004412460
15.640000000 -0.004380057
15.648000000 -0.004347844
15.656000000 -0.004315819
15.664000000 -0.004283981
15.672000000 -0.004252329
15.680000000 -0.004220861
15.688000000 -0.004189577
15.696000000 -0.004158474
15.704000000 -0.004127552
15.712000000 -0.004096809
15.720000000 -0.004066244
15.728000000 -0.004035856
15.736000000 -0.004005643
15.744000000 -0.003975604
15.752000000 -0.003945738
15.760000000 -0.003916043
15.768000000 -0.003886519
15.776000000 -0.003857164
15.784000000 -0.003827976
15.792000000 -0.003798956
15.800000000 -0.003770101
15.808000000 -0.003741410
15.816000000 -0.003712882
15.824000000 -0.003684516
15.832000000 -0.003656310
15.840000000 -0.003628264
15.848000000 -0.003600377
15.856000000 -0.003572646
15.864000000 -0.003545072
15.872000000 -0.003517652
15.880000000 -0.003490387
15.888000000 -0.003463273
15.896000000 -0.003436312
15.904000000 -0.003409501
15.912000000 -0.003382839
15.920000000 -0.003356326
15.928000000 -0.003329959
15.936000000 -0.003303739
15.944000000 -0.003277664
15.952000000 -0.003251733
15.960000000 -0.003225944
15.968000000 -0.003200298
15.976000000 -0.003174792
15.984000000 -0.003149427
15.992000000 -0.003124200
16.000000000 -0.003099111
16.008000000 -0.003074159
16.016000000 -0.003049343
16.024000000 -0.003024662
16.032000000 -0.003000114
16.040000000 -0.002975700
16.048000000 -0.002951418
16.056000000 -0.002927266
16.064000000 -0.002903245
16.072000000 -0.002879353
16.080000000 -0.002855590
16.088000000 -0.002831954
16.096000000 -0.002808444
16.104000000 -0.002785060
16.112000000 -0.002761801
16.120000000 -0.002738666
16.128000000 -0.002715653
16.136000000 -0.002692763
16.144000000 -0.002669995
16.152000000 -0.002647347
16.160000000 -0.002624818
16.168000000 -0.002602409
16.176000000 -0.002580117
16.184000000 -0.002557943
16.192000000 -0.002535886
16.200000000 -0.002513944
16.208000000 -0.002492117
16.216000000 -0.002470405
16.224000000 -0.002448806
16.232000000 -0.002427320
16.240000000 -0.002405946
16.248000000 -0.002384683
16.256000000 -0.002363531
16.264000000 -0.002342489
16.272000000 -0.002321557
16.280000000 -0.002300733
16.288000000 -0.002280017
16.296000000 -0.002259409
16.304000000 -0.002238907
16.312000000 -0.002218511
16.320000000 -0.002198221
16.328000000 -0.002178036
16.336000000 -0.002157955
16.344000000 -0.002137978
16.352000000 -0.002118104
16.360000000 -0.002098333
16.368000000 -0.002078664
16.376000000 -0.002059096
16.384000000 -0.002039630
16.392000000 -0.002020264
16.400000000 -0.002000998
16.408000000 -0.001981832
16.416000000 -0.001962765
16.424000000 -0.001943797
16.432000000 -0.001924927
16.440000000 -0.001906155
16.448000000 -0.001887480
16.456000000 -0.001868902
16.464000000 -0.001850421
16.472000000 -0.001832036
16.480000000 -0.001813747
16.488000000 -0.001795553
16.496000000 -0.001777455
16.504000000 -0.001759451
16.512000000 -0.001741542
16.520000000 -0.001723728
16.528000000 -0.001706007
16.536000000 -0.001688380
16.544000000 -0.001670846
16.552000000 -0.001653406
16.560000000 -0.001636058
16.568000000 -0.001618803
16.576000000 -0.001601641
16.584000000 -0.001584571
16.592000000 -0.001567593
16.600000000 -0.001550708
16.608000000 -0.001533914
16.616000000 -0.001517212
16.624000000 -0.001500601
16.632000000 -0.001484082
16.640000000 -0.001467654
16.648000000 -0.001451318
16.656000000 -0.001435073
16.664000000 -0.001418919
16.672000000 -0.001402856
16.680000000 -0.001386884
16.688000000 -0.001371004
16.696000000 -0.001355214
16.704000000 -0.001339516
16.712000000 -0.001323908
16.720000000 -0.001308392
16.728000000 -0.001292968
16.736000000 -0.001277634
16.744000000 -0.001262392
16.752000000 -0.001247241
16.760000000 -0.001232182
16.768000000 -0.001217215
16.776000000 -0.001202339
16.784000000 -0.001187556
16.792000000 -0.001172864
16.800000000 -0.001158265
16.808000000 -0.001143758
16.816000000 -0.001129344
16.824000000 -0.001115022
16.832000000 -0.001100794
16.840000000 -0.001086659
16.848000000 -0.001072618
16.856000000 -0.001058670
16.864000000 -0.001044816
16.872000000 -0.001031056
16.880000000 -0.001017391
16.888000000 -0.001003821
16.896000000 -0.000990346
16.904000000 -0.000976966
16.912000000 -0.000963682
16.920000000 -0.000950493
16.928000000 -0.000937401
16.936000000 -0.000924406
16.944000000 -0.000911508
16.952000000 -0.000898706
16.960000000 -0.000886003
16.968000000 -0.000873397
16.976000000 -0.000860889
16.984000000 -0.000848481
16.992000000 -0.000836171
17.000000000 -0.000823960
17.008000000 -0.000811849
17.016000000 -0.000799838
17.024000000 -0.000787928
17.032000000 -0.000776118
17.040000000 -0.000764409
17.048000000 -0.000752802
17.056000000 -0.000741296
17.064000000 -0.000729893
17.072000000 -0.000718592
17.080000000 -0.000707394
17.088000000 -0.000696299
17.096000000 -0.000685307
17.104000000 -0.000674420
17.112000000 -0.000663636
17.120000000 -0.000652957
17.128000000 -0.000642382
17.136000000 -0.000631913
17.144000000 -0.000621548
17.152000000 -0.000611290
17.160000000 -0.000601137
17.168000000 -0.000591090
17.176000000 -0.000581150
17.184000000 -0.000571316
17.192000000 -0.000561588
17.200000000 -0.000551968
17.208000000 -0.000542455
17.216000000 -0.000533049
17.224000000 -0.000523750
17.232000000 -0.000514559
17.240000000 -0.000505475
17.248000000 -0.000496500
17.256000000 -0.000487632
17.264000000 -0.000478871
17.272000000 -0.000470219
17.280000000 -0.000461674
17.288000000 -0.000453238
17.296000000 -0.000444909
17.304000000 -0.000436688
17.312000000 -0.000428574
17.320000000 -0.000420568
17.328000000 -0.000412669
17.336000000 -0.000404878
17.344000000 -0.000397193
17.352000000 -0.000389616
17.360000000 -0.000382145
17.368000000 -0.000374780
17.376000000 -0.000367521
17.384000000 -0.000360368
17.392000000 -0.000353320
17.400000000 -0.000346378
17.408000000 -0.000339539
17.416000000 -0.000332805
17.424000000 -0.000326175
17.432000000 -0.000319648
17.440000000 -0.000313223
17.448000000 -0.000306901
17.456000000 -0.000300680
17.464000000 -0.000294560
17.472000000 -0.000288541
17.480000000 -0.000282621
17.488000000 -0.000276800
17.496000000 -0.000271077
17.504000000 -0.000265453
17.512000000 -0.000259925
17.520000000 -0.000254493
17.528000000 -0.000249156
17.536000000 -0.000243914
17.544000000 -0.000238765
17.552000000 -0.000233709
17.560000000 -0.000228745
17.568000000 -0.000223872
17.576000000 -0.000219089
17.584000000 -0.000214395
17.592000000 -0.000209789
17.600000000 -0.000205270
17.608000000 -0.000200837
17.616000000 -0.000196490
17.624000000 -0.000192226
17.632000000 -0.000188045
17.640000000 -0.000183947
17.648000000 -0.000179929
17.656000000 -0.000175991
17.664000000 -0.000172132
17.672000000 -0.000168350
17.680000000 -0.000164645
17.688000000 -0.000161015
17.696000000 -0.000157459
17.704000000 -0.000153977
17.712000000 -0.000150566
17.720000000 -0.000147227
17.728000000 -0.000143957
17.736000000 -0.000140756
17.744000000 -0.000137622
17.752000000 -0.000134554
17.760000000 -0.000131552
17.768000000 -0.000128614
17.776000000 -0.000125738
17.784000000 -0.000122925
17.792000000 -0.000120172
17.800000000 -0.000117479
17.808000000 -0.000114844
17.816000000 -0.000112266
17.824000000 -0.000109745
17.832000000 -0.000107279
17.840000000 -0.000104867
17.848000000 -0.000102509
17.856000000 -0.000100202
17.864000000 -0.000097946
17.872000000 -0.000095740
17.880000000 -0.000093584
17.888000000 -0.000091475
17.896000000 -0.000089413
17.904000000 -0.000087397
17.912000000 -0.000085426
17.920000000 -0.000083499
17.928000000 -0.000081615
17.936000000 -0.000079774
17.944000000 -0.000077974
17.952000000 -0.000076214
17.960000000 -0.000074494
17.968000000 -0.000072813
17.976000000 -0.000071169
17.984000000 -0.000069563
17.992000000 -0.000067993
18.000000000 -0.000066458
18.008000000 -0.000064958
18.016000000 -0.000063491
18.024000000 -0.000062058
18.032000000 -0.000060658
18.040000000 -0.000059289
18.048000000 -0.000057951
18.056000000 -0.000056643
18.064000000 -0.000055365
18.072000000 -0.000054115
18.080000000 -0.000052894
18.088000000 -0.000051701
18.096000000 -0.000050535
18.104000000 -0.000049395
18.112000000 -0.000048281
18.120000000 -0.000047192
18.128000000 -0.000046128
18.136000000 -0.000045088
18.144000000 -0.000044072
18.152000000 -0.000043078
18.160000000 -0.000042107
18.168000000 -0.000041158
18.176000000 -0.000040231
18.184000000 -0.000039325
18.192000000 -0.000038439
18.200000000 -0.000037573
18.208000000 -0.000036727
18.216000000 -0.000035900
18.224000000 -0.000035091
18.232000000 -0.000034302
18.240000000 -0.000033529
18.248000000 -0.000032775
18.256000000 -0.000032037
18.264000000 -0.000031317
18.272000000 -0.000030612
18.280000000 -0.000029924
18.288000000 -0.000029251
18.296000000 -0.000028593
18.304000000 -0.000027950
18.312000000 -0.000027322
18.320000000 -0.000026708
18.328000000 -0.000026108
18.336000000 -0.000025522
18.344000000 -0.000024949
18.352000000 -0.000024388
18.360000000 -0.000023841
18.368000000 -0.000023306
18.376000000 -0.000022783
18.384000000 -0.000022271
18.392000000 -0.000021772
18.400000000 -0.000021283
18.408000000 -0.000020806
18.416000000 -0.000020340
18.424000000 -0.000019884
18.432000000 -0.000019438
18.440000000 -0.000019003
18.448000000 -0.000018577
18.456000000 -0.000018161
18.464000000 -0.000017754
18.472000000 -0.000017357
18.480000000 -0.000016968
18.488000000 -0.000016589
18.496000000 -0.000016218
18.504000000 -0.000015855
18.512000000 -0.000015500
18.520000000 -0.000015154
18.528000000 -0.000014815
18.536000000 -0.000014484
18.544000000 -0.000014161
18.552000000 -0.000013845
18.560000000 -0.000013536
18.568000000 -0.000013234
18.576000000 -0.000012938
18.584000000 -0.000012650
18.592000000 -0.000012368
18.600000000 -0.000012092
18.608000000 -0.000011823
18.616000000 -0.000011559
18.624000000 -0.000011302
18.632000000 -0.000011050
18.640000000 -0.000010804
18.648000000 -0.000010564
18.656000000 -0.000010329
18.664000000 -0.000010099
18.672000000 -0.000009875
18.680000000 -0.000009656
18.688000000 -0.000009441
18.696000000 -0.000009231
18.704000000 -0.000009027
18.712000000 -0.000008826
18.720000000 -0.000008631
18.728000000 -0.000008439
18.736000000 -0.000008252
18.744000000 -0.000008070
18.752000000 -0.000007891
18.760000000 -0.000007716
18.768000000 -0.000007545
18.776000000 -0.000007379
18.784000000 -0.000007216
18.792000000 -0.000007056
18.800000000 -0.000006900
18.808000000 -0.000006748
18.816000000 -0.000006599
18.824000000 -0.000006454
18.832000000 -0.000006311
18.840000000 -0.000006172
18.848000000 -0.000006036
18.856000000 -0.000005903
18.864000000 -0.000005774
18.872000000 -0.000005647
18.880000000 -0.000005522
18.888000000 -0.000005401
18.896000000 -0.000005283
18.904000000 -0.000005167
18.912000000 -0.000005053
18.920000000 -0.000004943
18.928000000 -0.000004834
18.936000000 -0.000004728
18.944000000 -0.000004625
18.952000000 -0.000004524
18.960000000 -0.000004425
18.968000000 -0.000004328
18.976000000 -0.000004234
18.984000000 -0.000004142
18.992000000 -0.000004051
19.000000000 -0.000003963
19.008000000 -0.000003877
19.016000000 -0.000003792
19.024000000 -0.000003710
19.032000000 -0.000003629
19.040000000 -0.000003551
19.048000000 -0.000003473
19.056000000 -0.000003398
19.064000000 -0.000003325
19.072000000 -0.000003253
19.080000000 -0.000003182
19.088000000 -0.000003113
19.096000000 -0.000003046
19.104000000 -0.000002980
19.112000000 -0.000002916
19.120000000 -0.000002853
19.128000000 -0.000002792
19.136000000 -0.000002732
19.144000000 -0.000002673
19.152000000 -0.000002616
19.160000000 -0.000002560
19.168000000 -0.000002505
19.176000000 -0.000002451
19.184000000 -0.000002399
19.192000000 -0.000002347
19.200000000 -0.000002297
19.208000000 -0.000002248
19.216000000 -0.000002200
19.224000000 -0.000002153
19.232000000 -0.000002108
19.240000000 -0.000002063
19.248000000 -0.000002019
19.256000000 -0.000001976
19.264000000 -0.000001934
19.272000000 -0.000001893
19.280000000 -0.000001853
19.288000000 -0.000001814
19.296000000 -0.000001776
19.304000000 -0.000001739
19.312000000 -0.000001702
19.320000000 -0.000001666
19.328000000 -0.000001631
19.336000000 -0.000001597
19.344000000 -0.000001563
19.352000000 -0.000001531
19.360000000 -0.000001499
19.368000000 -0.000001467
19.376000000 -0.000001437
19.384000000 -0.000001407
19.392000000 -0.000001378
19.400000000 -0.000001349
19.408000000 -0.000001321
19.416000000 -0.000001294
19.424000000 -0.000001267
19.432000000 -0.000001241
19.440000000 -0.000001215
19.448000000 -0.000001190
19.456000000 -0.000001166
19.464000000 -0.000001142
19.472000000 -0.000001118
19.480000000 -0.000001096
19.488000000 -0.000001073
19.496000000 -0.000001051
19.504000000 -0.000001030
19.512000000 -0.000001009
19.520000000 -0.000000988
19.528000000 -0.000000968
19.536000000 -0.000000949
19.544000000 -0.000000930
19.552000000 -0.000000911
19.560000000 -0.000000893
19.568000000 -0.000000875
19.576000000 -0.000000857
19.584000000 -0.000000840
19.592000000 -0.000000823
19.600000000 -0.000000807
19.608000000 -0.000000791
19.616000000 -0.000000775
19.624000000 -0.000000759
19.632000000 -0.000000744
19.640000000 -0.000000730
19.648000000 -0.000000715
19.656000000 -0.000000701
19.664000000 -0.000000687
19.672000000 -0.000000674
19.680000000 -0.000000661
19.688000000 -0.000000648
19.696000000 -0.000000635
19.704000000 -0.000000623
19.712000000 -0.000000611
19.720000000 -0.000000599
19.728000000 -0.000000587
19.736000000 -0.000000576
19.744000000 -0.000000565
19.752000000 -0.000000554
19.760000000 -0.000000544
19.768000000 -0.000000533
19.776000000 -0.000000523
19.784000000 -0.000000513
19.792000000 -0.000000503
19.800000000 -0.000000494
19.808000000 -0.000000485
19.816000000 -0.000000475
19.824000000 -0.000000466
19.832000000 -0.000000458
19.840000000 -0.000000449
19.848000000 -0.000000441
19.856000000 -0.000000433
19.864000000 -0.000000425
19.872000000 -0.000000417
19.880000000 -0.000000409
19.888000000 -0.000000402
19.896000000 -0.000000394
19.904000000 -0.000000387
19.912000000 -0.000000380
19.920000000 -0.000000373
19.928000000 -0.000000366
19.936000000 -0.000000360
19.944000000 -0.000000353
19.952000000 -0.000000347
19.960000000 -0.000000341
19.968000000 -0.000000335
19.976000000 -0.000000329
19.984000000 -0.000000323
19.992000000 -0.000000317
20.000000000 -0.000000311
