0.000000 0.992147
0.008000 0.984431
0.016000 0.976900
0.024000 0.969550
0.032000 0.962379
0.040000 0.955382
0.048000 0.948557
0.056000 0.941900
0.064000 0.935408
0.072000 0.929077
0.080000 0.922906
0.088000 0.916890
0.096000 0.911027
0.104000 0.905313
0.112000 0.899746
0.120000 0.894323
0.128000 0.889041
0.136000 0.883898
0.144000 0.878890
0.152000 0.874014
0.160000 0.869269
0.168000 0.864651
0.176000 0.860158
0.184000 0.855788
0.192000 0.851537
0.200000 0.847404
0.208000 0.843385
0.216000 0.839480
0.224000 0.835684
0.232000 0.831996
0.240000 0.828414
0.248000 0.824936
0.256000 0.821558
0.264000 0.818279
0.272000 0.815098
0.280000 0.812011
0.288000 0.809016
0.296000 0.806113
0.304000 0.803298
0.312000 0.800569
0.320000 0.797926
0.328000 0.795365
0.336000 0.792885
0.344000 0.790484
0.352000 0.788160
0.360000 0.785912
0.368000 0.783737
0.376000 0.781635
0.384000 0.779602
0.392000 0.777639
0.400000 0.775742
0.408000 0.773910
0.416000 0.772142
0.424000 0.770437
0.432000 0.768792
0.440000 0.767206
0.448000 0.765678
0.456000 0.764205
0.464000 0.762788
0.472000 0.761424
0.480000 0.760112
0.488000 0.758850
0.496000 0.757637
0.504000 0.756473
0.512000 0.755355
0.520000 0.754282
0.528000 0.753253
0.536000 0.752267
0.544000 0.751323
0.552000 0.750419
0.560000 0.749554
0.568000 0.748728
0.576000 0.747938
0.584000 0.747185
0.592000 0.746466
0.600000 0.745781
0.608000 0.745128
0.616000 0.744508
0.624000 0.743917
0.632000 0.743357
0.640000 0.742825
0.648000 0.742321
0.656000 0.741844
0.664000 0.741392
0.672000 0.740966
0.680000 0.740563
0.688000 0.740184
0.696000 0.739827
0.704000 0.739492
0.712000 0.739177
0.720000 0.738883
0.728000 0.738607
0.736000 0.738350
0.744000 0.738110
0.752000 0.737887
0.760000 0.737680
0.768000 0.737489
0.776000 0.737312
0.784000 0.737149
0.792000 0.737000
0.800000 0.736863
0.808000 0.736738
0.816000 0.736625
0.824000 0.736522
0.832000 0.736430
0.840000 0.736347
0.848000 0.736273
0.856000 0.736208
0.864000 0.736150
0.872000 0.736099
0.880000 0.736056
0.888000 0.736018
0.896000 0.735987
0.904000 0.735960
0.912000 0.735938
0.920000 0.735921
0.928000 0.735907
0.936000 0.735897
0.944000 0.735889
0.952000 0.735884
0.960000 0.735881
0.968000 0.735879
0.976000 0.735879
0.984000 0.735880
0.992000 0.735880
1.000000 0.735881
1.008000 0.735882
1.016000 0.735881
1.024000 0.735880
1.032000 0.735877
1.040000 0.735873
1.048000 0.735866
1.056000 0.735857
1.064000 0.735845
1.072000 0.735830
1.080000 0.735812
1.088000 0.735790
1.096000 0.735764
1.104000 0.735734
1.112000 0.735700
1.120000 0.735661
1.128000 0.735617
1.136000 0.735567
1.144000 0.735513
1.152000 0.735452
1.160000 0.735386
1.168000 0.735314
1.176000 0.735235
1.184000 0.735150
1.192000 0.735057
1.200000 0.734958
1.208000 0.734852
1.216000 0.734739
1.224000 0.734618
1.232000 0.734489
1.240000 0.734353
1.248000 0.734209
1.256000 0.734056
1.264000 0.733895
1.272000 0.733726
1.280000 0.733548
1.288000 0.733362
1.296000 0.733166
1.304000 0.732962
1.312000 0.732749
1.320000 0.732526
1.328000 0.732294
1.336000 0.732053
1.344000 0.731802
1.352000 0.731542
1.360000 0.731272
1.368000 0.730992
1.376000 0.730702
1.384000 0.730402
1.392000 0.730092
1.400000 0.729773
1.408000 0.729443
1.416000 0.729102
1.424000 0.728752
1.432000 0.728391
1.440000 0.728019
1.448000 0.727638
1.456000 0.727245
1.464000 0.726842
1.472000 0.726429
1.480000 0.726005
1.488000 0.725570
1.496000 0.725125
1.504000 0.724669
1.512000 0.724202
1.520000 0.723724
1.528000 0.723236
1.536000 0.722736
1.544000 0.722226
1.552000 0.721705
1.560000 0.721173
1.568000 0.720631
1.576000 0.720077
1.584000 0.719513
1.592000 0.718937
1.600000 0.718351
1.608000 0.717754
1.616000 0.717147
1.624000 0.716528
1.632000 0.715898
1.640000 0.715258
1.648000 0.714607
1.656000 0.713945
1.664000 0.713273
1.672000 0.712589
1.680000 0.711895
1.688000 0.711191
1.696000 0.710475
1.704000 0.709749
1.712000 0.709013
1.720000 0.708265
1.728000 0.707508
1.736000 0.706739
1.744000 0.705961
1.752000 0.705172
1.760000 0.704372
1.768000 0.703562
1.776000 0.702742
1.784000 0.701912
1.792000 0.701071
1.800000 0.700221
1.808000 0.699360
1.816000 0.698489
1.824000 0.697608
1.832000 0.696717
1.840000 0.695816
1.848000 0.694906
1.856000 0.693985
1.864000 0.693055
1.872000 0.692115
1.880000 0.691166
1.888000 0.690207
1.896000 0.689238
1.904000 0.688260
1.912000 0.687273
1.920000 0.686276
1.928000 0.685270
1.936000 0.684255
1.944000 0.683230
1.952000 0.682197
1.960000 0.681155
1.968000 0.680103
1.976000 0.679043
1.984000 0.677974
1.992000 0.676896
2.000000 0.675810
2.008000 0.674715
2.016000 0.673611
2.024000 0.672499
2.032000 0.671379
2.040000 0.670250
2.048000 0.669113
2.056000 0.667968
2.064000 0.666815
2.072000 0.665654
2.080000 0.664485
2.088000 0.663307
2.096000 0.662123
2.104000 0.660930
2.112000 0.659730
2.120000 0.658522
2.128000 0.657307
2.136000 0.656084
2.144000 0.654854
2.152000 0.653617
2.160000 0.652372
2.168000 0.651120
2.176000 0.649862
2.184000 0.648596
2.192000 0.647323
2.200000 0.646044
2.208000 0.644758
2.216000 0.643465
2.224000 0.642166
2.232000 0.640860
2.240000 0.639548
2.248000 0.638229
2.256000 0.636904
2.264000 0.635573
2.272000 0.634236
2.280000 0.632893
2.288000 0.631543
2.296000 0.630188
2.304000 0.628827
2.312000 0.627461
2.320000 0.626088
2.328000 0.624711
2.336000 0.623327
2.344000 0.621939
2.352000 0.620544
2.360000 0.619145
2.368000 0.617741
2.376000 0.616331
2.384000 0.614916
2.392000 0.613497
2.400000 0.612072
2.408000 0.610643
2.416000 0.609209
2.424000 0.607770
2.432000 0.606327
2.440000 0.604879
2.448000 0.603427
2.456000 0.601970
2.464000 0.600509
2.472000 0.599044
2.480000 0.597575
2.488000 0.596102
2.496000 0.594625
2.504000 0.593143
2.512000 0.591658
2.520000 0.590170
2.528000 0.588677
2.536000 0.587181
2.544000 0.585682
2.552000 0.584179
2.560000 0.582672
2.568000 0.581163
2.576000 0.579650
2.584000 0.578133
2.592000 0.576614
2.600000 0.575092
2.608000 0.573566
2.616000 0.572038
2.624000 0.570507
2.632000 0.568973
2.640000 0.567437
2.648000 0.565897
2.656000 0.564356
2.664000 0.562811
2.672000 0.561265
2.680000 0.559716
2.688000 0.558164
2.696000 0.556611
2.704000 0.555055
2.712000 0.553497
2.720000 0.551937
2.728000 0.550375
2.736000 0.548812
2.744000 0.547246
2.752000 0.545679
2.760000 0.544110
2.768000 0.542539
2.776000 0.540967
2.784000 0.539393
2.792000 0.537818
2.800000 0.536241
2.808000 0.534663
2.816000 0.533083
2.824000 0.531503
2.832000 0.529921
2.840000 0.528338
2.848000 0.526754
2.856000 0.525170
2.864000 0.523584
2.872000 0.521997
2.880000 0.520410
2.888000 0.518821
2.896000 0.517233
2.904000 0.515643
2.912000 0.514053
2.920000 0.512462
2.928000 0.510871
2.936000 0.509279
2.944000 0.507687
2.952000 0.506095
2.960000 0.504503
2.968000 0.502910
2.976000 0.501317
2.984000 0.499724
2.992000 0.498131
3.000000 0.496538
3.008000 0.494945
3.016000 0.493352
3.024000 0.491759
3.032000 0.490166
3.040000 0.488574
3.048000 0.486982
3.056000 0.485390
3.064000 0.483799
3.072000 0.482208
3.080000 0.480618
3.088000 0.479028
3.096000 0.477439
3.104000 0.475850
3.112000 0.474262
3.120000 0.472675
3.128000 0.471088
3.136000 0.469503
3.144000 0.467918
3.152000 0.466334
3.160000 0.464751
3.168000 0.463169
3.176000 0.461588
3.184000 0.460008
3.192000 0.458429
3.200000 0.456851
3.208000 0.455275
3.216000 0.453700
3.224000 0.452126
3.232000 0.450553
3.240000 0.448982
3.248000 0.447412
3.256000 0.445843
3.264000 0.444276
3.272000 0.442710
3.280000 0.441146
3.288000 0.439584
3.296000 0.438023
3.304000 0.436464
3.312000 0.434906
3.320000 0.433350
3.328000 0.431796
3.336000 0.430244
3.344000 0.428693
3.352000 0.427145
3.360000 0.425598
3.368000 0.424053
3.376000 0.422510
3.384000 0.420969
3.392000 0.419431
3.400000 0.417894
3.408000 0.416359
3.416000 0.414826
3.424000 0.413296
3.432000 0.411768
3.440000 0.410241
3.448000 0.408718
3.456000 0.407196
3.464000 0.405677
3.472000 0.404160
3.480000 0.402645
3.488000 0.401133
3.496000 0.399623
3.504000 0.398115
3.512000 0.396610
3.520000 0.395108
3.528000 0.393608
3.536000 0.392110
3.544000 0.390615
3.552000 0.389123
3.560000 0.387633
3.568000 0.386146
3.576000 0.384662
3.584000 0.383180
3.592000 0.381701
3.600000 0.380224
3.608000 0.378751
3.616000 0.377280
3.624000 0.375812
3.632000 0.374347
3.640000 0.372884
3.648000 0.371425
3.656000 0.369968
3.664000 0.368514
3.672000 0.367064
3.680000 0.365616
3.688000 0.364171
3.696000 0.362729
3.704000 0.361290
3.712000 0.359854
3.720000 0.358421
3.728000 0.356991
3.736000 0.355564
3.744000 0.354141
3.752000 0.352720
3.760000 0.351303
3.768000 0.349888
3.776000 0.348477
3.784000 0.347069
3.792000 0.345665
3.800000 0.344263
3.808000 0.342865
3.816000 0.341469
3.824000 0.340078
3.832000 0.338689
3.840000 0.337304
3.848000 0.335922
3.856000 0.334543
3.864000 0.333168
3.872000 0.331796
3.880000 0.330427
3.888000 0.329061
3.896000 0.327699
3.904000 0.326341
3.912000 0.324986
3.920000 0.323634
3.928000 0.322286
3.936000 0.320941
3.944000 0.319599
3.952000 0.318261
3.960000 0.316927
3.968000 0.315596
3.976000 0.314268
3.984000 0.312944
3.992000 0.311623
4.000000 0.310306
4.008000 0.308993
4.016000 0.307683
4.024000 0.306376
4.032000 0.305073
4.040000 0.303774
4.048000 0.302478
4.056000 0.301186
4.064000 0.299897
4.072000 0.298612
4.080000 0.297331
4.088000 0.296053
4.096000 0.294779
4.104000 0.293508
4.112000 0.292241
4.120000 0.290978
4.128000 0.289718
4.136000 0.288462
4.144000 0.287209
4.152000 0.285961
4.160000 0.284716
4.168000 0.283474
4.176000 0.282236
4.184000 0.281002
4.192000 0.279772
4.200000 0.278545
4.208000 0.277322
4.216000 0.276103
4.224000 0.274887
4.232000 0.273675
4.240000 0.272467
4.248000 0.271262
4.256000 0.270062
4.264000 0.268864
4.272000 0.267671
4.280000 0.266481
4.288000 0.265295
4.296000 0.264113
4.304000 0.262935
4.312000 0.261760
4.320000 0.260589
4.328000 0.259422
4.336000 0.258258
4.344000 0.257098
4.352000 0.255942
4.360000 0.254790
4.368000 0.253641
4.376000 0.252496
4.384000 0.251355
4.392000 0.250218
4.400000 0.249084
4.408000 0.247954
4.416000 0.246828
4.424000 0.245705
4.432000 0.244586
4.440000 0.243471
4.448000 0.242360
4.456000 0.241253
4.464000 0.240149
4.472000 0.239049
4.480000 0.237953
4.488000 0.236860
4.496000 0.235771
4.504000 0.234686
4.512000 0.233605
4.520000 0.232527
4.528000 0.231453
4.536000 0.230383
4.544000 0.229317
4.552000 0.228254
4.560000 0.227195
4.568000 0.226139
4.576000 0.225088
4.584000 0.224040
4.592000 0.222996
4.600000 0.221955
4.608000 0.220919
4.616000 0.219885
4.624000 0.218856
4.632000 0.217830
4.640000 0.216808
4.648000 0.215790
4.656000 0.214775
4.664000 0.213764
4.672000 0.212757
4.680000 0.211754
4.688000 0.210754
4.696000 0.209757
4.704000 0.208765
4.712000 0.207776
4.720000 0.206790
4.728000 0.205809
4.736000 0.204831
4.744000 0.203856
4.752000 0.202886
4.760000 0.201919
4.768000 0.200955
4.776000 0.199995
4.784000 0.199039
4.792000 0.198086
4.800000 0.197137
4.808000 0.196192
4.816000 0.195250
4.824000 0.194312
4.832000 0.193377
4.840000 0.192446
4.848000 0.191518
4.856000 0.190594
4.864000 0.189674
4.872000 0.188757
4.880000 0.187843
4.888000 0.186934
4.896000 0.186027
4.904000 0.185125
4.912000 0.184225
4.920000 0.183330
4.928000 0.182438
4.936000 0.181549
4.944000 0.180664
4.952000 0.179782
4.960000 0.178904
4.968000 0.178029
4.976000 0.177158
4.984000 0.176290
4.992000 0.175426
5.000000 0.174565
5.008000 0.173707
5.016000 0.172853
5.024000 0.172003
5.032000 0.171155
5.040000 0.170312
5.048000 0.169471
5.056000 0.168634
5.064000 0.167801
5.072000 0.166971
5.080000 0.166144
5.088000 0.165320
5.096000 0.164500
5.104000 0.163684
5.112000 0.162870
5.120000 0.162060
5.128000 0.161254
5.136000 0.160450
5.144000 0.159650
5.152000 0.158853
5.160000 0.158060
5.168000 0.157270
5.176000 0.156483
5.184000 0.155699
5.192000 0.154919
5.200000 0.154142
5.208000 0.153368
5.216000 0.152598
5.224000 0.151830
5.232000 0.151066
5.240000 0.150306
5.248000 0.149548
5.256000 0.148793
5.264000 0.148042
5.272000 0.147294
5.280000 0.146549
5.288000 0.145808
5.296000 0.145069
5.304000 0.144334
5.312000 0.143602
5.320000 0.142872
5.328000 0.142146
5.336000 0.141424
5.344000 0.140704
5.352000 0.139987
5.360000 0.139274
5.368000 0.138563
5.376000 0.137856
5.384000 0.137152
5.392000 0.136450
5.400000 0.135752
5.408000 0.135057
5.416000 0.134365
5.424000 0.133676
5.432000 0.132990
5.440000 0.132307
5.448000 0.131627
5.456000 0.130950
5.464000 0.130276
5.472000 0.129605
5.480000 0.128936
5.488000 0.128271
5.496000 0.127609
5.504000 0.126950
5.512000 0.126293
5.520000 0.125640
5.528000 0.124989
5.536000 0.124342
5.544000 0.123697
5.552000 0.123055
5.560000 0.122416
5.568000 0.121780
5.576000 0.121147
5.584000 0.120517
5.592000 0.119889
5.600000 0.119264
5.608000 0.118642
5.616000 0.118023
5.624000 0.117407
5.632000 0.116793
5.640000 0.116183
5.648000 0.115575
5.656000 0.114970
5.664000 0.114367
5.672000 0.113767
5.680000 0.113171
5.688000 0.112576
5.696000 0.111985
5.704000 0.111396
5.712000 0.110810
5.720000 0.110227
5.728000 0.109646
5.736000 0.109068
5.744000 0.108493
5.752000 0.107920
5.760000 0.107350
5.768000 0.106783
5.776000 0.106218
5.784000 0.105656
5.792000 0.105096
5.800000 0.104539
5.808000 0.103985
5.816000 0.103433
5.824000 0.102884
5.832000 0.102338
5.840000 0.101794
5.848000 0.101252
5.856000 0.100713
5.864000 0.100177
5.872000 0.099643
5.880000 0.099111
5.888000 0.098583
5.896000 0.098056
5.904000 0.097532
5.912000 0.097011
5.920000 0.096492
5.928000 0.095976
5.936000 0.095462
5.944000 0.094950
5.952000 0.094441
5.960000 0.093934
5.968000 0.093430
5.976000 0.092928
5.984000 0.092428
5.992000 0.091931
6.000000 0.091437
6.008000 0.090944
6.016000 0.090454
6.024000 0.089967
6.032000 0.089481
6.040000 0.088998
6.048000 0.088518
6.056000 0.088039
6.064000 0.087563
6.072000 0.087090
6.080000 0.086618
6.088000 0.086149
6.096000 0.085682
6.104000 0.085218
6.112000 0.084755
6.120000 0.084295
6.128000 0.083837
6.136000 0.083382
6.144000 0.082928
6.152000 0.082477
6.160000 0.082028
6.168000 0.081581
6.176000 0.081137
6.184000 0.080694
6.192000 0.080254
6.200000 0.079816
6.208000 0.079380
6.216000 0.078946
6.224000 0.078514
6.232000 0.078085
6.240000 0.077658
6.248000 0.077232
6.256000 0.076809
6.264000 0.076388
6.272000 0.075969
6.280000 0.075552
6.288000 0.075137
6.296000 0.074724
6.304000 0.074313
6.312000 0.073905
6.320000 0.073498
6.328000 0.073093
6.336000 0.072691
6.344000 0.072290
6.352000 0.071891
6.360000 0.071495
6.368000 0.071100
6.376000 0.070707
6.384000 0.070317
6.392000 0.069928
6.400000 0.069541
6.408000 0.069156
6.416000 0.068773
6.424000 0.068392
6.432000 0.068013
6.440000 0.067636
6.448000 0.067261
6.456000 0.066888
6.464000 0.066516
6.472000 0.066146
6.480000 0.065779
6.488000 0.065413
6.496000 0.065049
6.504000 0.064687
6.512000 0.064326
6.520000 0.063968
6.528000 0.063611
6.536000 0.063256
6.544000 0.062903
6.552000 0.062552
6.560000 0.062203
6.568000 0.061855
6.576000 0.061509
6.584000 0.061165
6.592000 0.060823
6.600000 0.060482
6.608000 0.060143
6.616000 0.059806
6.624000 0.059471
6.632000 0.059137
6.640000 0.058805
6.648000 0.058475
6.656000 0.058147
6.664000 0.057820
6.672000 0.057495
6.680000 0.057171
6.688000 0.056850
6.696000 0.056529
6.704000 0.056211
6.712000 0.055894
6.720000 0.055579
6.728000 0.055266
6.736000 0.054954
6.744000 0.054643
6.752000 0.054335
6.760000 0.054028
6.768000 0.053722
6.776000 0.053418
6.784000 0.053116
6.792000 0.052815
6.800000 0.052516
6.808000 0.052219
6.816000 0.051923
6.824000 0.051628
6.832000 0.051335
6.840000 0.051044
6.848000 0.050754
6.856000 0.050466
6.864000 0.050179
6.872000 0.049894
6.880000 0.049610
6.888000 0.049328
6.896000 0.049047
6.904000 0.048768
6.912000 0.048490
6.920000 0.048213
6.928000 0.047938
6.936000 0.047665
6.944000 0.047393
6.952000 0.047122
6.960000 0.046853
6.968000 0.046585
6.976000 0.046319
6.984000 0.046054
6.992000 0.045791
7.000000 0.045529
7.008000 0.045268
7.016000 0.045009
7.024000 0.044751
7.032000 0.044494
7.040000 0.044239
7.048000 0.043985
7.056000 0.043733
7.064000 0.043482
7.072000 0.043232
7.080000 0.042983
7.088000 0.042736
7.096000 0.042491
7.104000 0.042246
7.112000 0.042003
7.120000 0.041761
7.128000 0.041521
7.136000 0.041281
7.144000 0.041043
7.152000 0.040807
7.160000 0.040571
7.168000 0.040337
7.176000 0.040104
7.184000 0.039873
7.192000 0.039642
7.200000 0.039413
7.208000 0.039185
7.216000 0.038959
7.224000 0.038733
7.232000 0.038509
7.240000 0.038286
7.248000 0.038064
7.256000 0.037844
7.264000 0.037624
7.272000 0.037406
7.280000 0.037189
7.288000 0.036973
7.296000 0.036758
7.304000 0.036545
7.312000 0.036333
7.320000 0.036121
7.328000 0.035911
7.336000 0.035703
7.344000 0.035495
7.352000 0.035288
7.360000 0.035083
7.368000 0.034878
7.376000 0.034675
7.384000 0.034473
7.392000 0.034272
7.400000 0.034072
7.408000 0.033873
7.416000 0.033676
7.424000 0.033479
7.432000 0.033284
7.440000 0.033089
7.448000 0.032896
7.456000 0.032703
7.464000 0.032512
7.472000 0.032322
7.480000 0.032133
7.488000 0.031944
7.496000 0.031757
7.504000 0.031571
7.512000 0.031386
7.520000 0.031202
7.528000 0.031019
7.536000 0.030837
7.544000 0.030656
7.552000 0.030476
7.560000 0.030297
7.568000 0.030119
7.576000 0.029942
7.584000 0.029766
7.592000 0.029591
7.600000 0.029417
7.608000 0.029244
7.616000 0.029072
7.624000 0.028901
7.632000 0.028731
7.640000 0.028561
7.648000 0.028393
7.656000 0.028226
7.664000 0.028059
7.672000 0.027894
7.680000 0.027729
7.688000 0.027565
7.696000 0.027402
7.704000 0.027241
7.712000 0.027080
7.720000 0.026920
7.728000 0.026760
7.736000 0.026602
7.744000 0.026445
7.752000 0.026288
7.760000 0.026133
7.768000 0.025978
7.776000 0.025824
7.784000 0.025671
7.792000 0.025519
7.800000 0.025368
7.808000 0.025217
7.816000 0.025068
7.824000 0.024919
7.832000 0.024771
7.840000 0.024624
7.848000 0.024478
7.856000 0.024332
7.864000 0.024188
7.872000 0.024044
7.880000 0.023901
7.888000 0.023759
7.896000 0.023617
7.904000 0.023477
7.912000 0.023337
7.920000 0.023198
7.928000 0.023060
7.936000 0.022922
7.944000 0.022786
7.952000 0.022650
7.960000 0.022515
7.968000 0.022380
7.976000 0.022247
7.984000 0.022114
7.992000 0.021982
8.000000 0.021851
8.008000 0.021720
8.016000 0.021590
8.024000 0.021461
8.032000 0.021333
8.040000 0.021206
8.048000 0.021079
8.056000 0.020953
8.064000 0.020827
8.072000 0.020702
8.080000 0.020579
8.088000 0.020455
8.096000 0.020333
8.104000 0.020211
8.112000 0.020090
8.120000 0.019969
8.128000 0.019849
8.136000 0.019730
8.144000 0.019612
8.152000 0.019494
8.160000 0.019377
8.168000 0.019261
8.176000 0.019145
8.184000 0.019030
8.192000 0.018916
8.200000 0.018802
8.208000 0.018689
8.216000 0.018576
8.224000 0.018465
8.232000 0.018353
8.240000 0.018243
8.248000 0.018133
8.256000 0.018024
8.264000 0.017915
8.272000 0.017807
8.280000 0.017700
8.288000 0.017593
8.296000 0.017487
8.304000 0.017382
8.312000 0.017277
8.320000 0.017173
8.328000 0.017069
8.336000 0.016966
8.344000 0.016863
8.352000 0.016762
8.360000 0.016660
8.368000 0.016560
8.376000 0.016459
8.384000 0.016360
8.392000 0.016261
8.400000 0.016163
8.408000 0.016065
8.416000 0.015968
8.424000 0.015871
8.432000 0.015775
8.440000 0.015679
8.448000 0.015584
8.456000 0.015490
8.464000 0.015396
8.472000 0.015303
8.480000 0.015210
8.488000 0.015118
8.496000 0.015026
8.504000 0.014935
8.512000 0.014844
8.520000 0.014754
8.528000 0.014664
8.536000 0.014575
8.544000 0.014487
8.552000 0.014399
8.560000 0.014311
8.568000 0.014224
8.576000 0.014138
8.584000 0.014052
8.592000 0.013966
8.600000 0.013881
8.608000 0.013797
8.616000 0.013713
8.624000 0.013629
8.632000 0.013546
8.640000 0.013464
8.648000 0.013382
8.656000 0.013300
8.664000 0.013219
8.672000 0.013139
8.680000 0.013059
8.688000 0.012979
8.696000 0.012900
8.704000 0.012821
8.712000 0.012743
8.720000 0.012665
8.728000 0.012588
8.736000 0.012511
8.744000 0.012435
8.752000 0.012359
8.760000 0.012283
8.768000 0.012208
8.776000 0.012133
8.784000 0.012059
8.792000 0.011986
8.800000 0.011912
8.808000 0.011839
8.816000 0.011767
8.824000 0.011695
8.832000 0.011623
8.840000 0.011552
8.848000 0.011482
8.856000 0.011411
8.864000 0.011341
8.872000 0.011272
8.880000 0.011203
8.888000 0.011134
8.896000 0.011066
8.904000 0.010998
8.912000 0.010931
8.920000 0.010864
8.928000 0.010797
8.936000 0.010731
8.944000 0.010665
8.952000 0.010599
8.960000 0.010534
8.968000 0.010470
8.976000 0.010405
8.984000 0.010342
8.992000 0.010278
9.000000 0.010215
9.008000 0.010152
9.016000 0.010090
9.024000 0.010028
9.032000 0.009966
9.040000 0.009905
9.048000 0.009844
9.056000 0.009783
9.064000 0.009723
9.072000 0.009663
9.080000 0.009604
9.088000 0.009545
9.096000 0.009486
9.104000 0.009428
9.112000 0.009370
9.120000 0.009312
9.128000 0.009254
9.136000 0.009197
9.144000 0.009141
9.152000 0.009084
9.160000 0.009028
9.168000 0.008973
9.176000 0.008917
9.184000 0.008862
9.192000 0.008808
9.200000 0.008754
9.208000 0.008699
9.216000 0.008646
9.224000 0.008592
9.232000 0.008539
9.240000 0.008487
9.248000 0.008434
9.256000 0.008382
9.264000 0.008330
9.272000 0.008279
9.280000 0.008228
9.288000 0.008177
9.296000 0.008127
9.304000 0.008076
9.312000 0.008026
9.320000 0.007977
9.328000 0.007927
9.336000 0.007878
9.344000 0.007830
9.352000 0.007781
9.360000 0.007733
9.368000 0.007685
9.376000 0.007638
9.384000 0.007590
9.392000 0.007543
9.400000 0.007497
9.408000 0.007450
9.416000 0.007404
9.424000 0.007358
9.432000 0.007313
9.440000 0.007268
9.448000 0.007222
9.456000 0.007178
9.464000 0.007133
9.472000 0.007089
9.480000 0.007045
9.488000 0.007001
9.496000 0.006958
9.504000 0.006915
9.512000 0.006872
9.520000 0.006829
9.528000 0.006787
9.536000 0.006745
9.544000 0.006703
9.552000 0.006661
9.560000 0.006620
9.568000 0.006579
9.576000 0.006538
9.584000 0.006498
9.592000 0.006457
9.600000 0.006417
9.608000 0.006377
9.616000 0.006338
9.624000 0.006298
9.632000 0.006259
9.640000 0.006220
9.648000 0.006182
9.656000 0.006143
9.664000 0.006105
9.672000 0.006067
9.680000 0.006030
9.688000 0.005992
9.696000 0.005955
9.704000 0.005918
9.712000 0.005881
9.720000 0.005844
9.728000 0.005808
9.736000 0.005772
9.744000 0.005736
9.752000 0.005700
9.760000 0.005665
9.768000 0.005630
9.776000 0.005595
9.784000 0.005560
9.792000 0.005525
9.800000 0.005491
9.808000 0.005457
9.816000 0.005423
9.824000 0.005389
9.832000 0.005355
9.840000 0.005322
9.848000 0.005289
9.856000 0.005256
9.864000 0.005223
9.872000 0.005191
9.880000 0.005158
9.888000 0.005126
9.896000 0.005094
9.904000 0.005063
9.912000 0.005031
9.920000 0.005000
9.928000 0.004969
9.936000 0.004938
9.944000 0.004907
9.952000 0.004876
9.960000 0.004846
9.968000 0.004816
9.976000 0.004786
9.984000 0.004756
9.992000 0.004726
10.000000 0.004697
10.008000 0.004667
10.016000 0.004638
10.024000 0.004609
10.032000 0.004581
10.040000 0.004552
10.048000 0.004524
10.056000 0.004495
10.064000 0.004467
10.072000 0.004440
10.080000 0.004412
10.088000 0.004384
10.096000 0.004357
10.104000 0.004330
10.112000 0.004303
10.120000 0.004276
10.128000 0.004249
10.136000 0.004223
10.144000 0.004196
10.152000 0.004170
10.160000 0.004144
10.168000 0.004118
10.176000 0.004093
10.184000 0.004067
10.192000 0.004042
10.200000 0.004016
10.208000 0.003991
10.216000 0.003966
10.224000 0.003942
10.232000 0.003917
10.240000 0.003893
10.248000 0.003868
10.256000 0.003844
10.264000 0.003820
10.272000 0.003796
10.280000 0.003773
10.288000 0.003749
10.296000 0.003726
10.304000 0.003702
10.312000 0.003679
10.320000 0.003656
10.328000 0.003633
10.336000 0.003611
10.344000 0.003588
10.352000 0.003566
10.360000 0.003544
10.368000 0.003521
10.376000 0.003499
10.384000 0.003478
10.392000 0.003456
10.400000 0.003434
10.408000 0.003413
10.416000 0.003392
10.424000 0.003370
10.432000 0.003349
10.440000 0.003328
10.448000 0.003308
10.456000 0.003287
10.464000 0.003266
10.472000 0.003246
10.480000 0.003226
10.488000 0.003206
10.496000 0.003186
10.504000 0.003166
10.512000 0.003146
10.520000 0.003126
10.528000 0.003107
10.536000 0.003087
10.544000 0.003068
10.552000 0.003049
10.560000 0.003030
10.568000 0.003011
10.576000 0.002992
10.584000 0.002974
10.592000 0.002955
10.600000 0.002937
10.608000 0.002918
10.616000 0.002900
10.624000 0.002882
10.632000 0.002864
10.640000 0.002846
10.648000 0.002828
10.656000 0.002811
10.664000 0.002793
10.672000 0.002776
10.680000 0.002758
10.688000 0.002741
10.696000 0.002724
10.704000 0.002707
10.712000 0.002690
10.720000 0.002673
10.728000 0.002657
10.736000 0.002640
10.744000 0.002624
10.752000 0.002607
10.760000 0.002591
10.768000 0.002575
10.776000 0.002559
10.784000 0.002543
10.792000 0.002527
10.800000 0.002511
10.808000 0.002496
10.816000 0.002480
10.824000 0.002465
10.832000 0.002449
10.840000 0.002434
10.848000 0.002419
10.856000 0.002404
10.864000 0.002389
10.872000 0.002374
10.880000 0.002359
10.888000 0.002344
10.896000 0.002330
10.904000 0.002315
10.912000 0.002301
10.920000 0.002286
10.928000 0.002272
10.936000 0.002258
10.944000 0.002244
10.952000 0.002230
10.960000 0.002216
10.968000 0.002202
10.976000 0.002189
10.984000 0.002175
10.992000 0.002161
11.000000 0.002148
11.008000 0.002135
11.016000 0.002121
11.024000 0.002108
11.032000 0.002095
11.040000 0.002082
11.048000 0.002069
11.056000 0.002056
11.064000 0.002043
11.072000 0.002031
11.080000 0.002018
11.088000 0.002006
11.096000 0.001993
11.104000 0.001981
11.112000 0.001968
11.120000 0.001956
11.128000 0.001944
11.136000 0.001932
11.144000 0.001920
11.152000 0.001908
11.160000 0.001896
11.168000 0.001884
11.176000 0.001873
11.184000 0.001861
11.192000 0.001850
11.200000 0.001838
11.208000 0.001827
11.216000 0.001815
11.224000 0.001804
11.232000 0.001793
11.240000 0.001782
11.248000 0.001771
11.256000 0.001760
11.264000 0.001749
11.272000 0.001738
11.280000 0.001727
11.288000 0.001717
11.296000 0.001706
11.304000 0.001695
11.312000 0.001685
11.320000 0.001674
11.328000 0.001664
11.336000 0.001654
11.344000 0.001644
11.352000 0.001633
11.360000 0.001623
11.368000 0.001613
11.376000 0.001603
11.384000 0.001593
11.392000 0.001584
11.400000 0.001574
11.408000 0.001564
11.416000 0.001554
11.424000 0.001545
11.432000 0.001535
11.440000 0.001526
11.448000 0.001516
11.456000 0.001507
11.464000 0.001498
11.472000 0.001488
11.480000 0.001479
11.488000 0.001470
11.496000 0.001461
11.504000 0.001452
11.512000 0.001443
11.520000 0.001434
11.528000 0.001425
11.536000 0.001417
11.544000 0.001408
11.552000 0.001399
11.560000 0.001391
11.568000 0.001382
11.576000 0.001374
11.584000 0.001365
11.592000 0.001357
11.600000 0.001348
11.608000 0.001340
11.616000 0.001332
11.624000 0.001324
11.632000 0.001316
11.640000 0.001307
11.648000 0.001299
11.656000 0.001291
11.664000 0.001284
11.672000 0.001276
11.680000 0.001268
11.688000 0.001260
11.696000 0.001252
11.704000 0.001245
11.712000 0.001237
11.720000 0.001230
11.728000 0.001222
11.736000 0.001214
11.744000 0.001207
11.752000 0.001200
11.760000 0.001192
11.768000 0.001185
11.776000 0.001178
11.784000 0.001171
11.792000 0.001163
11.800000 0.001156
11.808000 0.001149
11.816000 0.001142
11.824000 0.001135
11.832000 0.001128
11.840000 0.001121
11.848000 0.001115
11.856000 0.001108
11.864000 0.001101
11.872000 0.001094
11.880000 0.001088
11.888000 0.001081
11.896000 0.001075
11.904000 0.001068
11.912000 0.001062
11.920000 0.001055
11.928000 0.001049
11.936000 0.001042
11.944000 0.001036
11.952000 0.001030
11.960000 0.001023
11.968000 0.001017
11.976000 0.001011
11.984000 0.001005
11.992000 0.000999
12.000000 0.000993
12.008000 0.000987
12.016000 0.000981
12.024000 0.000975
12.032000 0.000969
12.040000 0.000963
12.048000 0.000957
12.056000 0.000951
12.064000 0.000946
12.072000 0.000940
12.080000 0.000934
12.088000 0.000929
12.096000 0.000923
12.104000 0.000917
12.112000 0.000912
12.120000 0.000906
12.128000 0.000901
12.136000 0.000896
12.144000 0.000890
12.152000 0.000885
12.160000 0.000879
12.168000 0.000874
12.176000 0.000869
12.184000 0.000864
12.192000 0.000859
12.200000 0.000853
12.208000 0.000848
12.216000 0.000843
12.224000 0.000838
12.232000 0.000833
12.240000 0.000828
12.248000 0.000823
12.256000 0.000818
12.264000 0.000813
12.272000 0.000808
12.280000 0.000804
12.288000 0.000799
12.296000 0.000794
12.304000 0.000789
12.312000 0.000785
12.320000 0.000780
12.328000 0.000775
12.336000 0.000771
12.344000 0.000766
12.352000 0.000761
12.360000 0.000757
12.368000 0.000752
12.376000 0.000748
12.384000 0.000744
12.392000 0.000739
12.400000 0.000735
12.408000 0.000730
12.416000 0.000726
12.424000 0.000722
12.432000 0.000717
12.440000 0.000713
12.448000 0.000709
12.456000 0.000705
12.464000 0.000701
12.472000 0.000696
12.480000 0.000692
12.488000 0.000688
12.496000 0.000684
12.504000 0.000680
12.512000 0.000676
12.520000 0.000672
12.528000 0.000668
12.536000 0.000664
12.544000 0.000660
12.552000 0.000656
12.560000 0.000653
12.568000 0.000649
12.576000 0.000645
12.584000 0.000641
12.592000 0.000637
12.600000 0.000634
12.608000 0.000630
12.616000 0.000626
12.624000 0.000623
12.632000 0.000619
12.640000 0.000615
12.648000 0.000612
12.656000 0.000608
12.664000 0.000605
12.672000 0.000601
12.680000 0.000598
12.688000 0.000594
12.696000 0.000591
12.704000 0.000587
12.712000 0.000584
12.720000 0.000580
12.728000 0.000577
12.736000 0.000574
12.744000 0.000570
12.752000 0.000567
12.760000 0.000564
12.768000 0.000560
12.776000 0.000557
12.784000 0.000554
12.792000 0.000551
12.800000 0.000548
12.808000 0.000544
12.816000 0.000541
12.824000 0.000538
12.832000 0.000535
12.840000 0.000532
12.848000 0.000529
12.856000 0.000526
12.864000 0.000523
12.872000 0.000520
12.880000 0.000517
12.888000 0.000514
12.896000 0.000511
12.904000 0.000508
12.912000 0.000505
12.920000 0.000502
12.928000 0.000499
12.936000 0.000496
12.944000 0.000494
12.952000 0.000491
12.960000 0.000488
12.968000 0.000485
12.976000 0.000482
12.984000 0.000480
12.992000 0.000477
13.000000 0.000474
13.008000 0.000472
13.016000 0.000469
13.024000 0.000466
13.032000 0.000464
13.040000 0.000461
13.048000 0.000458
13.056000 0.000456
13.064000 0.000453
13.072000 0.000451
13.080000 0.000448
13.088000 0.000446
13.096000 0.000443
13.104000 0.000441
13.112000 0.000438
13.120000 0.000436
13.128000 0.000433
13.136000 0.000431
13.144000 0.000428
13.152000 0.000426
13.160000 0.000423
13.168000 0.000421
13.176000 0.000419
13.184000 0.000416
13.192000 0.000414
13.200000 0.000412
13.208000 0.000409
13.216000 0.000407
13.224000 0.000405
13.232000 0.000403
13.240000 0.000400
13.248000 0.000398
13.256000 0.000396
13.264000 0.000394
13.272000 0.000392
13.280000 0.000389
13.288000 0.000387
13.296000 0.000385
13.304000 0.000383
13.312000 0.000381
13.320000 0.000379
13.328000 0.000377
13.336000 0.000375
13.344000 0.000373
13.352000 0.000370
13.360000 0.000368
13.368000 0.000366
13.376000 0.000364
13.384000 0.000362
13.392000 0.000360
13.400000 0.000358
13.408000 0.000357
13.416000 0.000355
13.424000 0.000353
13.432000 0.000351
13.440000 0.000349
13.448000 0.000347
13.456000 0.000345
13.464000 0.000343
13.472000 0.000341
13.480000 0.000339
13.488000 0.000338
13.496000 0.000336
13.504000 0.000334
13.512000 0.000332
13.520000 0.000330
13.528000 0.000329
13.536000 0.000327
13.544000 0.000325
13.552000 0.000323
13.560000 0.000322
13.568000 0.000320
13.576000 0.000318
13.584000 0.000316
13.592000 0.000315
13.600000 0.000313
13.608000 0.000311
13.616000 0.000310
13.624000 0.000308
13.632000 0.000306
13.640000 0.000305
13.648000 0.000303
13.656000 0.000301
13.664000 0.000300
13.672000 0.000298
13.680000 0.000297
13.688000 0.000295
13.696000 0.000294
13.704000 0.000292
13.712000 0.000290
13.720000 0.000289
13.728000 0.000287
13.736000 0.000286
13.744000 0.000284
13.752000 0.000283
13.760000 0.000281
13.768000 0.000280
13.776000 0.000278
13.784000 0.000277
13.792000 0.000276
13.800000 0.000274
13.808000 0.000273
13.816000 0.000271
13.824000 0.000270
13.832000 0.000268
13.840000 0.000267
13.848000 0.000266
13.856000 0.000264
13.864000 0.000263
13.872000 0.000262
13.880000 0.000260
13.888000 0.000259
13.896000 0.000258
13.904000 0.000256
13.912000 0.000255
13.920000 0.000254
13.928000 0.000252
13.936000 0.000251
13.944000 0.000250
13.952000 0.000248
13.960000 0.000247
13.968000 0.000246
13.976000 0.000245
13.984000 0.000243
13.992000 0.000242
14.000000 0.000241
14.008000 0.000240
14.016000 0.000238
14.024000 0.000237
14.032000 0.000236
14.040000 0.000235
14.048000 0.000234
14.056000 0.000233
14.064000 0.000231
14.072000 0.000230
14.080000 0.000229
14.088000 0.000228
14.096000 0.000227
14.104000 0.000226
14.112000 0.000224
14.120000 0.000223
14.128000 0.000222
14.136000 0.000221
14.144000 0.000220
14.152000 0.000219
14.160000 0.000218
14.168000 0.000217
14.176000 0.000216
14.184000 0.000215
14.192000 0.000214
14.200000 0.000212
14.208000 0.000211
14.216000 0.000210
14.224000 0.000209
14.232000 0.000208
14.240000 0.000207
14.248000 0.000206
14.256000 0.000205
14.264000 0.000204
14.272000 0.000203
14.280000 0.000202
14.288000 0.000201
14.296000 0.000200
14.304000 0.000199
14.312000 0.000198
14.320000 0.000197
14.328000 0.000196
14.336000 0.000195
14.344000 0.000195
14.352000 0.000194
14.360000 0.000193
14.368000 0.000192
14.376000 0.000191
14.384000 0.000190
14.392000 0.000189
14.400000 0.000188
14.408000 0.000187
14.416000 0.000186
14.424000 0.000185
14.432000 0.000184
14.440000 0.000184
14.448000 0.000183
14.456000 0.000182
14.464000 0.000181
14.472000 0.000180
14.480000 0.000179
14.488000 0.000178
14.496000 0.000178
14.504000 0.000177
14.512000 0.000176
14.520000 0.000175
14.528000 0.000174
14.536000 0.000173
14.544000 0.000173
14.552000 0.000172
14.560000 0.000171
14.568000 0.000170
14.576000 0.000169
14.584000 0.000169
14.592000 0.000168
14.600000 0.000167
14.608000 0.000166
14.616000 0.000165
14.624000 0.000165
14.632000 0.000164
14.640000 0.000163
14.648000 0.000162
14.656000 0.000162
14.664000 0.000161
14.672000 0.000160
14.680000 0.000159
14.688000 0.000159
14.696000 0.000158
14.704000 0.000157
14.712000 0.000157
14.720000 0.000156
14.728000 0.000155
14.736000 0.000154
14.744000 0.000154
14.752000 0.000153
14.760000 0.000152
14.768000 0.000152
14.776000 0.000151
14.784000 0.000150
14.792000 0.000150
14.800000 0.000149
14.808000 0.000148
14.816000 0.000148
14.824000 0.000147
14.832000 0.000146
14.840000 0.000146
14.848000 0.000145
14.856000 0.000144
14.864000 0.000144
14.872000 0.000143
14.880000 0.000142
14.888000 0.000142
14.896000 0.000141
14.904000 0.000141
14.912000 0.000140
14.920000 0.000139
14.928000 0.000139
14.936000 0.000138
14.944000 0.000137
14.952000 0.000137
14.960000 0.000136
14.968000 0.000136
14.976000 0.000135
14.984000 0.000134
14.992000 0.000134
15.000000 0.000133
15.008000 0.000133
15.016000 0.000132
15.024000 0.000132
15.032000 0.000131
15.040000 0.000130
15.048000 0.000130
15.056000 0.000129
15.064000 0.000129
15.072000 0.000128
15.080000 0.000128
15.088000 0.000127
15.096000 0.000127
15.104000 0.000126
15.112000 0.000125
15.120000 0.000125
15.128000 0.000124
15.136000 0.000124
15.144000 0.000123
15.152000 0.000123
15.160000 0.000122
15.168000 0.000122
15.176000 0.000121
15.184000 0.000121
15.192000 0.000120
15.200000 0.000120
15.208000 0.000119
15.216000 0.000119
15.224000 0.000118
15.232000 0.000118
15.240000 0.000117
15.248000 0.000117
15.256000 0.000116
15.264000 0.000116
15.272000 0.000115
15.280000 0.000115
15.288000 0.000114
15.296000 0.000114
15.304000 0.000113
15.312000 0.000113
15.320000 0.000112
15.328000 0.000112
15.336000 0.000112
15.344000 0.000111
15.352000 0.000111
15.360000 0.000110
15.368000 0.000110
15.376000 0.000109
15.384000 0.000109
15.392000 0.000108
15.400000 0.000108
15.408000 0.000107
15.416000 0.000107
15.424000 0.000107
15.432000 0.000106
15.440000 0.000106
15.448000 0.000105
15.456000 0.000105
15.464000 0.000104
15.472000 0.000104
15.480000 0.000104
15.488000 0.000103
15.496000 0.000103
15.504000 0.000102
15.512000 0.000102
15.520000 0.000102
15.528000 0.000101
15.536000 0.000101
15.544000 0.000100
15.552000 0.000100
15.560000 0.000100
15.568000 0.000099
15.576000 0.000099
15.584000 0.000098
15.592000 0.000098
15.600000 0.000098
15.608000 0.000097
15.616000 0.000097
15.624000 0.000096
15.632000 0.000096
15.640000 0.000096
15.648000 0.000095
15.656000 0.000095
15.664000 0.000095
15.672000 0.000094
15.680000 0.000094
15.688000 0.000093
15.696000 0.000093
15.704000 0.000093
15.712000 0.000092
15.720000 0.000092
15.728000 0.000092
15.736000 0.000091
15.744000 0.000091
15.752000 0.000091
15.760000 0.000090
15.768000 0.000090
15.776000 0.000090
15.784000 0.000089
15.792000 0.000089
15.800000 0.000088
15.808000 0.000088
15.816000 0.000088
15.824000 0.000087
15.832000 0.000087
15.840000 0.000087
15.848000 0.000086
15.856000 0.000086
15.864000 0.000086
15.872000 0.000085
15.880000 0.000085
15.888000 0.000085
15.896000 0.000085
15.904000 0.000084
15.912000 0.000084
15.920000 0.000084
15.928000 0.000083
15.936000 0.000083
15.944000 0.000083
15.952000 0.000082
15.960000 0.000082
15.968000 0.000082
15.976000 0.000081
15.984000 0.000081
15.992000 0.000081
16.000000 0.000080
16.008000 0.000080
16.016000 0.000080
16.024000 0.000080
16.032000 0.000079
16.040000 0.000079
16.048000 0.000079
16.056000 0.000078
16.064000 0.000078
16.072000 0.000078
16.080000 0.000078
16.088000 0.000077
16.096000 0.000077
16.104000 0.000077
16.112000 0.000076
16.120000 0.000076
16.128000 0.000076
16.136000 0.000076
16.144000 0.000075
16.152000 0.000075
16.160000 0.000075
16.168000 0.000074
16.176000 0.000074
16.184000 0.000074
16.192000 0.000074
16.200000 0.000073
16.208000 0.000073
16.216000 0.000073
16.224000 0.000073
16.232000 0.000072
16.240000 0.000072
16.248000 0.000072
16.256000 0.000071
16.264000 0.000071
16.272000 0.000071
16.280000 0.000071
16.288000 0.000070
16.296000 0.000070
16.304000 0.000070
16.312000 0.000070
16.320000 0.000069
16.328000 0.000069
16.336000 0.000069
16.344000 0.000069
16.352000 0.000068
16.360000 0.000068
16.368000 0.000068
16.376000 0.000068
16.384000 0.000067
16.392000 0.000067
16.400000 0.000067
16.408000 0.000067
16.416000 0.000066
16.424000 0.000066
16.432000 0.000066
16.440000 0.000066
16.448000 0.000066
16.456000 0.000065
16.464000 0.000065
16.472000 0.000065
16.480000 0.000065
16.488000 0.000064
16.496000 0.000064
16.504000 0.000064
16.512000 0.000064
16.520000 0.000063
16.528000 0.000063
16.536000 0.000063
16.544000 0.000063
16.552000 0.000063
16.560000 0.000062
16.568000 0.000062
16.576000 0.000062
16.584000 0.000062
16.592000 0.000061
16.600000 0.000061
16.608000 0.000061
16.616000 0.000061
16.624000 0.000061
16.632000 0.000060
16.640000 0.000060
16.648000 0.000060
16.656000 0.000060
16.664000 0.000060
16.672000 0.000059
16.680000 0.000059
16.688000 0.000059
16.696000 0.000059
16.704000 0.000058
16.712000 0.000058
16.720000 0.000058
16.728000 0.000058
16.736000 0.000058
16.744000 0.000057
16.752000 0.000057
16.760000 0.000057
16.768000 0.000057
16.776000 0.000057
16.784000 0.000056
16.792000 0.000056
16.800000 0.000056
16.808000 0.000056
16.816000 0.000056
16.824000 0.000055
16.832000 0.000055
16.840000 0.000055
16.848000 0.000055
16.856000 0.000055
16.864000 0.000055
16.872000 0.000054
16.880000 0.000054
16.888000 0.000054
16.896000 0.000054
16.904000 0.000054
16.912000 0.000053
16.920000 0.000053
16.928000 0.000053
16.936000 0.000053
16.944000 0.000053
16.952000 0.000052
16.960000 0.000052
16.968000 0.000052
16.976000 0.000052
16.984000 0.000052
16.992000 0.000052
17.000000 0.000051
17.008000 0.000051
17.016000 0.000051
17.024000 0.000051
17.032000 0.000051
17.040000 0.000050
17.048000 0.000050
17.056000 0.000050
17.064000 0.000050
17.072000 0.000050
17.080000 0.000050
17.088000 0.000049
17.096000 0.000049
17.104000 0.000049
17.112000 0.000049
17.120000 0.000049
17.128000 0.000049
17.136000 0.000048
17.144000 0.000048
17.152000 0.000048
17.160000 0.000048
17.168000 0.000048
17.176000 0.000048
17.184000 0.000047
17.192000 0.000047
17.200000 0.000047
17.208000 0.000047
17.216000 0.000047
17.224000 0.000047
17.232000 0.000046
17.240000 0.000046
17.248000 0.000046
17.256000 0.000046
17.264000 0.000046
17.272000 0.000046
17.280000 0.000045
17.288000 0.000045
17.296000 0.000045
17.304000 0.000045
17.312000 0.000045
17.320000 0.000045
17.328000 0.000044
17.336000 0.000044
17.344000 0.000044
17.352000 0.000044
17.360000 0.000044
17.368000 0.000044
17.376000 0.000043
17.384000 0.000043
17.392000 0.000043
17.400000 0.000043
17.408000 0.000043
17.416000 0.000043
17.424000 0.000043
17.432000 0.000042
17.440000 0.000042
17.448000 0.000042
17.456000 0.000042
17.464000 0.000042
17.472000 0.000042
17.480000 0.000042
17.488000 0.000041
17.496000 0.000041
17.504000 0.000041
17.512000 0.000041
17.520000 0.000041
17.528000 0.000041
17.536000 0.000040
17.544000 0.000040
17.552000 0.000040
17.560000 0.000040
17.568000 0.000040
17.576000 0.000040
17.584000 0.000040
17.592000 0.000039
17.600000 0.000039
17.608000 0.000039
17.616000 0.000039
17.624000 0.000039
17.632000 0.000039
17.640000 0.000039
17.648000 0.000038
17.656000 0.000038
17.664000 0.000038
17.672000 0.000038
17.680000 0.000038
17.688000 0.000038
17.696000 0.000038
17.704000 0.000037
17.712000 0.000037
17.720000 0.000037
17.728000 0.000037
17.736000 0.000037
17.744000 0.000037
17.752000 0.000037
17.760000 0.000036
17.768000 0.000036
17.776000 0.000036
17.784000 0.000036
17.792000 0.000036
17.800000 0.000036
17.808000 0.000036
17.816000 0.000036
17.824000 0.000035
17.832000 0.000035
17.840000 0.000035
17.848000 0.000035
17.856000 0.000035
17.864000 0.000035
17.872000 0.000035
17.880000 0.000034
17.888000 0.000034
17.896000 0.000034
17.904000 0.000034
17.912000 0.000034
17.920000 0.000034
17.928000 0.000034
17.936000 0.000034
17.944000 0.000033
17.952000 0.000033
17.960000 0.000033
17.968000 0.000033
17.976000 0.000033
17.984000 0.000033
17.992000 0.000033
18.000000 0.000033
18.008000 0.000032
18.016000 0.000032
18.024000 0.000032
18.032000 0.000032
18.040000 0.000032
18.048000 0.000032
18.056000 0.000032
18.064000 0.000032
18.072000 0.000031
18.080000 0.000031
18.088000 0.000031
18.096000 0.000031
18.104000 0.000031
18.112000 0.000031
18.120000 0.000031
18.128000 0.000031
18.136000 0.000030
18.144000 0.000030
18.152000 0.000030
18.160000 0.000030
18.168000 0.000030
18.176000 0.000030
18.184000 0.000030
18.192000 0.000030
18.200000 0.000029
18.208000 0.000029
18.216000 0.000029
18.224000 0.000029
18.232000 0.000029
18.240000 0.000029
18.248000 0.000029
18.256000 0.000029
18.264000 0.000028
18.272000 0.000028
18.280000 0.000028
18.288000 0.000028
18.296000 0.000028
18.304000 0.000028
18.312000 0.000028
18.320000 0.000028
18.328000 0.000027
18.336000 0.000027
18.344000 0.000027
18.352000 0.000027
18.360000 0.000027
18.368000 0.000027
18.376000 0.000027
18.384000 0.000027
18.392000 0.000027
18.400000 0.000026
18.408000 0.000026
18.416000 0.000026
18.424000 0.000026
18.432000 0.000026
18.440000 0.000026
18.448000 0.000026
18.456000 0.000026
18.464000 0.000026
18.472000 0.000025
18.480000 0.000025
18.488000 0.000025
18.496000 0.000025
18.504000 0.000025
18.512000 0.000025
18.520000 0.000025
18.528000 0.000025
18.536000 0.000024
18.544000 0.000024
18.552000 0.000024
18.560000 0.000024
18.568000 0.000024
18.576000 0.000024
18.584000 0.000024
18.592000 0.000024
18.600000 0.000024
18.608000 0.000023
18.616000 0.000023
18.624000 0.000023
18.632000 0.000023
18.640000 0.000023
18.648000 0.000023
18.656000 0.000023
18.664000 0.000023
18.672000 0.000023
18.680000 0.000022
18.688000 0.000022
18.696000 0.000022
18.704000 0.000022
18.712000 0.000022
18.720000 0.000022
18.728000 0.000022
18.736000 0.000022
18.744000 0.000022
18.752000 0.000021
18.760000 0.000021
18.768000 0.000021
18.776000 0.000021
18.784000 0.000021
18.792000 0.000021
18.800000 0.000021
18.808000 0.000021
18.816000 0.000021
18.824000 0.000021
18.832000 0.000020
18.840000 0.000020
18.848000 0.000020
18.856000 0.000020
18.864000 0.000020
18.872000 0.000020
18.880000 0.000020
18.888000 0.000020
18.896000 0.000020
18.904000 0.000019
18.912000 0.000019
18.920000 0.000019
18.928000 0.000019
18.936000 0.000019
18.944000 0.000019
18.952000 0.000019
18.960000 0.000019
18.968000 0.000019
18.976000 0.000018
18.984000 0.000018
18.992000 0.000018
19.000000 0.000018
19.008000 0.000018
19.016000 0.000018
19.024000 0.000018
19.032000 0.000018
19.040000 0.000018
19.048000 0.000018
19.056000 0.000017
19.064000 0.000017
19.072000 0.000017
19.080000 0.000017
19.088000 0.000017
19.096000 0.000017
19.104000 0.000017
19.112000 0.000017
19.120000 0.000017
19.128000 0.000017
19.136000 0.000016
19.144000 0.000016
19.152000 0.000016
19.160000 0.000016
19.168000 0.000016
19.176000 0.000016
19.184000 0.000016
19.192000 0.000016
19.200000 0.000016
19.208000 0.000015
19.216000 0.000015
19.224000 0.000015
19.232000 0.000015
19.240000 0.000015
19.248000 0.000015
19.256000 0.000015
19.264000 0.000015
19.272000 0.000015
19.280000 0.000015
19.288000 0.000014
19.296000 0.000014
19.304000 0.000014
19.312000 0.000014
19.320000 0.000014
19.328000 0.000014
19.336000 0.000014
19.344000 0.000014
19.352000 0.000014
19.360000 0.000014
19.368000 0.000013
19.376000 0.000013
19.384000 0.000013
19.392000 0.000013
19.400000 0.000013
19.408000 0.000013
19.416000 0.000013
19.424000 0.000013
19.432000 0.000013
19.440000 0.000013
19.448000 0.000012
19.456000 0.000012
19.464000 0.000012
19.472000 0.000012
19.480000 0.000012
19.488000 0.000012
19.496000 0.000012
19.504000 0.000012
19.512000 0.000012
19.520000 0.000012
19.528000 0.000011
19.536000 0.000011
19.544000 0.000011
19.552000 0.000011
19.560000 0.000011
19.568000 0.000011
19.576000 0.000011
19.584000 0.000011
19.592000 0.000011
19.600000 0.000011
19.608000 0.000010
19.616000 0.000010
19.624000 0.000010
19.632000 0.000010
19.640000 0.000010
19.648000 0.000010
19.656000 0.000010
19.664000 0.000010
19.672000 0.000010
19.680000 0.000010
19.688000 0.000010
19.696000 0.000009
19.704000 0.000009
19.712000 0.000009
19.720000 0.000009
19.728000 0.000009
19.736000 0.000009
19.744000 0.000009
19.752000 0.000009
19.760000 0.000009
19.768000 0.000009
19.776000 0.000008
19.784000 0.000008
19.792000 0.000008
19.800000 0.000008
19.808000 0.000008
19.816000 0.000008
19.824000 0.000008
19.832000 0.000008
19.840000 0.000008
19.848000 0.000008
19.856000 0.000007
19.864000 0.000007
19.872000 0.000007
19.880000 0.000007
19.888000 0.000007
19.896000 0.000007
19.904000 0.000007
19.912000 0.000007
19.920000 0.000007
19.928000 0.000007
19.936000 0.000007
19.944000 0.000006
19.952000 0.000006
19.960000 0.000006
19.968000 0.000006
19.976000 0.000006
19.984000 0.000006
19.992000 0.000006
