0.000000 0.478341
0.008000 0.478270
0.016000 0.478150
0.024000 0.477983
0.032000 0.477769
0.040000 0.477507
0.048000 0.477198
0.056000 0.476842
0.064000 0.476440
0.072000 0.475991
0.080000 0.475495
0.088000 0.474955
0.096000 0.474368
0.104000 0.473737
0.112000 0.473061
0.120000 0.472342
0.128000 0.471578
0.136000 0.470772
0.144000 0.469923
0.152000 0.469032
0.160000 0.468099
0.168000 0.467126
0.176000 0.466113
0.184000 0.465061
0.192000 0.463969
0.200000 0.462840
0.208000 0.461673
0.216000 0.460469
0.224000 0.459230
0.232000 0.457955
0.240000 0.456646
0.248000 0.455304
0.256000 0.453928
0.264000 0.452521
0.272000 0.451082
0.280000 0.449613
0.288000 0.448114
0.296000 0.446587
0.304000 0.445032
0.312000 0.443450
0.320000 0.441841
0.328000 0.440207
0.336000 0.438549
0.344000 0.436866
0.352000 0.435161
0.360000 0.433434
0.368000 0.431686
0.376000 0.429917
0.384000 0.428129
0.392000 0.426322
0.400000 0.424497
0.408000 0.422655
0.416000 0.420796
0.424000 0.418922
0.432000 0.417033
0.440000 0.415130
0.448000 0.413214
0.456000 0.411286
0.464000 0.409345
0.472000 0.407394
0.480000 0.405432
0.488000 0.403461
0.496000 0.401481
0.504000 0.399492
0.512000 0.397496
0.520000 0.395493
0.528000 0.393483
0.536000 0.391468
0.544000 0.389448
0.552000 0.387424
0.560000 0.385395
0.568000 0.383363
0.576000 0.381329
0.584000 0.379292
0.592000 0.377254
0.600000 0.375214
0.608000 0.373174
0.616000 0.371133
0.624000 0.369093
0.632000 0.367054
0.640000 0.365016
0.648000 0.362979
0.656000 0.360945
0.664000 0.358913
0.672000 0.356883
0.680000 0.354857
0.688000 0.352835
0.696000 0.350817
0.704000 0.348803
0.712000 0.346793
0.720000 0.344789
0.728000 0.342789
0.736000 0.340796
0.744000 0.338808
0.752000 0.336826
0.760000 0.334851
0.768000 0.332882
0.776000 0.330920
0.784000 0.328965
0.792000 0.327018
0.800000 0.325078
0.808000 0.323145
0.816000 0.321221
0.824000 0.319305
0.832000 0.317397
0.840000 0.315497
0.848000 0.313606
0.856000 0.311724
0.864000 0.309851
0.872000 0.307986
0.880000 0.306131
0.888000 0.304285
0.896000 0.302449
0.904000 0.300621
0.912000 0.298804
0.920000 0.296996
0.928000 0.295198
0.936000 0.293409
0.944000 0.291631
0.952000 0.289862
0.960000 0.288104
0.968000 0.286355
0.976000 0.284617
0.984000 0.282889
0.992000 0.281171
1.000000 0.279463
1.008000 0.277766
1.016000 0.276079
1.024000 0.274402
1.032000 0.272735
1.040000 0.271079
1.048000 0.269433
1.056000 0.267798
1.064000 0.266173
1.072000 0.264558
1.080000 0.262954
1.088000 0.261360
1.096000 0.259777
1.104000 0.258203
1.112000 0.256640
1.120000 0.255088
1.128000 0.253546
1.136000 0.252014
1.144000 0.250492
1.152000 0.248980
1.160000 0.247479
1.168000 0.245988
1.176000 0.244507
1.184000 0.243036
1.192000 0.241575
1.200000 0.240124
1.208000 0.238683
1.216000 0.237252
1.224000 0.235832
1.232000 0.234420
1.240000 0.233019
1.248000 0.231628
1.256000 0.230246
1.264000 0.228874
1.272000 0.227511
1.280000 0.226159
1.288000 0.224815
1.296000 0.223481
1.304000 0.222157
1.312000 0.220842
1.320000 0.219537
1.328000 0.218240
1.336000 0.216953
1.344000 0.215675
1.352000 0.214406
1.360000 0.213146
1.368000 0.211896
1.376000 0.210654
1.384000 0.209421
1.392000 0.208197
1.400000 0.206981
1.408000 0.205775
1.416000 0.204577
1.424000 0.203388
1.432000 0.202207
1.440000 0.201035
1.448000 0.199871
1.456000 0.198715
1.464000 0.197568
1.472000 0.196429
1.480000 0.195299
1.488000 0.194176
1.496000 0.193062
1.504000 0.191955
1.512000 0.190857
1.520000 0.189766
1.528000 0.188684
1.536000 0.187609
1.544000 0.186542
1.552000 0.185482
1.560000 0.184431
1.568000 0.183386
1.576000 0.182350
1.584000 0.181320
1.592000 0.180298
1.600000 0.179284
1.608000 0.178277
1.616000 0.177277
1.624000 0.176284
1.632000 0.175298
1.640000 0.174320
1.648000 0.173348
1.656000 0.172383
1.664000 0.171426
1.672000 0.170475
1.680000 0.169531
1.688000 0.168593
1.696000 0.167663
1.704000 0.166739
1.712000 0.165821
1.720000 0.164910
1.728000 0.164006
1.736000 0.163108
1.744000 0.162216
1.752000 0.161331
1.760000 0.160452
1.768000 0.159579
1.776000 0.158713
1.784000 0.157852
1.792000 0.156998
1.800000 0.156150
1.808000 0.155308
1.816000 0.154471
1.824000 0.153641
1.832000 0.152816
1.840000 0.151997
1.848000 0.151184
1.856000 0.150377
1.864000 0.149575
1.872000 0.148779
1.880000 0.147988
1.888000 0.147203
1.896000 0.146424
1.904000 0.145650
1.912000 0.144881
1.920000 0.144118
1.928000 0.143360
1.936000 0.142607
1.944000 0.141859
1.952000 0.141117
1.960000 0.140380
1.968000 0.139648
1.976000 0.138921
1.984000 0.138198
1.992000 0.137481
2.000000 0.136769
2.008000 0.136062
2.016000 0.135359
2.024000 0.134662
2.032000 0.133969
2.040000 0.133281
2.048000 0.132598
2.056000 0.131919
2.064000 0.131245
2.072000 0.130575
2.080000 0.129910
2.088000 0.129250
2.096000 0.128594
2.104000 0.127942
2.112000 0.127295
2.120000 0.126653
2.128000 0.126014
2.136000 0.125380
2.144000 0.124750
2.152000 0.124125
2.160000 0.123503
2.168000 0.122886
2.176000 0.122273
2.184000 0.121664
2.192000 0.121059
2.200000 0.120458
2.208000 0.119861
2.216000 0.119268
2.224000 0.118679
2.232000 0.118094
2.240000 0.117513
2.248000 0.116935
2.256000 0.116362
2.264000 0.115792
2.272000 0.115226
2.280000 0.114664
2.288000 0.114105
2.296000 0.113550
2.304000 0.112999
2.312000 0.112451
2.320000 0.111907
2.328000 0.111367
2.336000 0.110830
2.344000 0.110296
2.352000 0.109766
2.360000 0.109240
2.368000 0.108717
2.376000 0.108197
2.384000 0.107680
2.392000 0.107167
2.400000 0.106657
2.408000 0.106151
2.416000 0.105648
2.424000 0.105148
2.432000 0.104651
2.440000 0.104157
2.448000 0.103667
2.456000 0.103180
2.464000 0.102695
2.472000 0.102214
2.480000 0.101736
2.488000 0.101261
2.496000 0.100789
2.504000 0.100320
2.512000 0.099854
2.520000 0.099391
2.528000 0.098931
2.536000 0.098473
2.544000 0.098019
2.552000 0.097567
2.560000 0.097119
2.568000 0.096673
2.576000 0.096230
2.584000 0.095789
2.592000 0.095352
2.600000 0.094917
2.608000 0.094485
2.616000 0.094055
2.624000 0.093628
2.632000 0.093204
2.640000 0.092783
2.648000 0.092364
2.656000 0.091947
2.664000 0.091534
2.672000 0.091122
2.680000 0.090714
2.688000 0.090308
2.696000 0.089904
2.704000 0.089503
2.712000 0.089104
2.720000 0.088707
2.728000 0.088314
2.736000 0.087922
2.744000 0.087533
2.752000 0.087146
2.760000 0.086762
2.768000 0.086379
2.776000 0.086000
2.784000 0.085622
2.792000 0.085247
2.800000 0.084874
2.808000 0.084503
2.816000 0.084135
2.824000 0.083768
2.832000 0.083404
2.840000 0.083042
2.848000 0.082682
2.856000 0.082325
2.864000 0.081969
2.872000 0.081616
2.880000 0.081265
2.888000 0.080915
2.896000 0.080568
2.904000 0.080223
2.912000 0.079880
2.920000 0.079539
2.928000 0.079200
2.936000 0.078863
2.944000 0.078528
2.952000 0.078195
2.960000 0.077864
2.968000 0.077534
2.976000 0.077207
2.984000 0.076882
2.992000 0.076558
3.000000 0.076237
3.008000 0.075917
3.016000 0.075599
3.024000 0.075283
3.032000 0.074969
3.040000 0.074656
3.048000 0.074346
3.056000 0.074037
3.064000 0.073730
3.072000 0.073424
3.080000 0.073121
3.088000 0.072819
3.096000 0.072519
3.104000 0.072221
3.112000 0.071924
3.120000 0.071629
3.128000 0.071336
3.136000 0.071044
3.144000 0.070754
3.152000 0.070466
3.160000 0.070179
3.168000 0.069894
3.176000 0.069610
3.184000 0.069328
3.192000 0.069048
3.200000 0.068769
3.208000 0.068492
3.216000 0.068216
3.224000 0.067942
3.232000 0.067670
3.240000 0.067399
3.248000 0.067129
3.256000 0.066861
3.264000 0.066595
3.272000 0.066330
3.280000 0.066066
3.288000 0.065804
3.296000 0.065543
3.304000 0.065284
3.312000 0.065026
3.320000 0.064770
3.328000 0.064515
3.336000 0.064261
3.344000 0.064009
3.352000 0.063758
3.360000 0.063508
3.368000 0.063260
3.376000 0.063013
3.384000 0.062768
3.392000 0.062524
3.400000 0.062281
3.408000 0.062040
3.416000 0.061799
3.424000 0.061561
3.432000 0.061323
3.440000 0.061087
3.448000 0.060852
3.456000 0.060618
3.464000 0.060385
3.472000 0.060154
3.480000 0.059924
3.488000 0.059695
3.496000 0.059468
3.504000 0.059241
3.512000 0.059016
3.520000 0.058792
3.528000 0.058569
3.536000 0.058348
3.544000 0.058127
3.552000 0.057908
3.560000 0.057690
3.568000 0.057473
3.576000 0.057257
3.584000 0.057042
3.592000 0.056829
3.600000 0.056616
3.608000 0.056405
3.616000 0.056195
3.624000 0.055986
3.632000 0.055778
3.640000 0.055571
3.648000 0.055365
3.656000 0.055160
3.664000 0.054956
3.672000 0.054753
3.680000 0.054552
3.688000 0.054351
3.696000 0.054151
3.704000 0.053953
3.712000 0.053755
3.720000 0.053559
3.728000 0.053363
3.736000 0.053169
3.744000 0.052975
3.752000 0.052783
3.760000 0.052591
3.768000 0.052400
3.776000 0.052211
3.784000 0.052022
3.792000 0.051834
3.800000 0.051648
3.808000 0.051462
3.816000 0.051277
3.824000 0.051093
3.832000 0.050910
3.840000 0.050728
3.848000 0.050547
3.856000 0.050366
3.864000 0.050187
3.872000 0.050009
3.880000 0.049831
3.888000 0.049654
3.896000 0.049478
3.904000 0.049303
3.912000 0.049129
3.920000 0.048956
3.928000 0.048784
3.936000 0.048612
3.944000 0.048442
3.952000 0.048272
3.960000 0.048103
3.968000 0.047935
3.976000 0.047767
3.984000 0.047601
3.992000 0.047435
4.000000 0.047270
4.008000 0.047106
4.016000 0.046943
4.024000 0.046780
4.032000 0.046619
4.040000 0.046458
4.048000 0.046298
4.056000 0.046138
4.064000 0.045980
4.072000 0.045822
4.080000 0.045665
4.088000 0.045509
4.096000 0.045353
4.104000 0.045198
4.112000 0.045044
4.120000 0.044891
4.128000 0.044738
4.136000 0.044586
4.144000 0.044435
4.152000 0.044285
4.160000 0.044135
4.168000 0.043986
4.176000 0.043838
4.184000 0.043690
4.192000 0.043544
4.200000 0.043397
4.208000 0.043252
4.216000 0.043107
4.224000 0.042963
4.232000 0.042820
4.240000 0.042677
4.248000 0.042535
4.256000 0.042393
4.264000 0.042253
4.272000 0.042113
4.280000 0.041973
4.288000 0.041834
4.296000 0.041696
4.304000 0.041559
4.312000 0.041422
4.320000 0.041286
4.328000 0.041150
4.336000 0.041015
4.344000 0.040881
4.352000 0.040747
4.360000 0.040614
4.368000 0.040481
4.376000 0.040349
4.384000 0.040218
4.392000 0.040087
4.400000 0.039957
4.408000 0.039828
4.416000 0.039699
4.424000 0.039571
4.432000 0.039443
4.440000 0.039316
4.448000 0.039189
4.456000 0.039063
4.464000 0.038938
4.472000 0.038813
4.480000 0.038689
4.488000 0.038565
4.496000 0.038442
4.504000 0.038319
4.512000 0.038197
4.520000 0.038076
4.528000 0.037955
4.536000 0.037834
4.544000 0.037714
4.552000 0.037595
4.560000 0.037476
4.568000 0.037358
4.576000 0.037240
4.584000 0.037123
4.592000 0.037006
4.600000 0.036890
4.608000 0.036774
4.616000 0.036659
4.624000 0.036545
4.632000 0.036430
4.640000 0.036317
4.648000 0.036204
4.656000 0.036091
4.664000 0.035979
4.672000 0.035867
4.680000 0.035756
4.688000 0.035645
4.696000 0.035535
4.704000 0.035425
4.712000 0.035316
4.720000 0.035207
4.728000 0.035099
4.736000 0.034991
4.744000 0.034884
4.752000 0.034777
4.760000 0.034671
4.768000 0.034565
4.776000 0.034459
4.784000 0.034354
4.792000 0.034249
4.800000 0.034145
4.808000 0.034042
4.816000 0.033938
4.824000 0.033835
4.832000 0.033733
4.840000 0.033631
4.848000 0.033530
4.856000 0.033429
4.864000 0.033328
4.872000 0.033228
4.880000 0.033128
4.888000 0.033029
4.896000 0.032930
4.904000 0.032831
4.912000 0.032733
4.920000 0.032635
4.928000 0.032538
4.936000 0.032441
4.944000 0.032345
4.952000 0.032249
4.960000 0.032153
4.968000 0.032058
4.976000 0.031963
4.984000 0.031868
4.992000 0.031774
5.000000 0.031680
5.008000 0.031587
5.016000 0.031494
5.024000 0.031402
5.032000 0.031310
5.040000 0.031218
5.048000 0.031126
5.056000 0.031036
5.064000 0.030945
5.072000 0.030855
5.080000 0.030765
5.088000 0.030675
5.096000 0.030586
5.104000 0.030497
5.112000 0.030409
5.120000 0.030321
5.128000 0.030233
5.136000 0.030146
5.144000 0.030059
5.152000 0.029972
5.160000 0.029886
5.168000 0.029800
5.176000 0.029715
5.184000 0.029629
5.192000 0.029544
5.200000 0.029460
5.208000 0.029376
5.216000 0.029292
5.224000 0.029208
5.232000 0.029125
5.240000 0.029042
5.248000 0.028960
5.256000 0.028878
5.264000 0.028796
5.272000 0.028714
5.280000 0.028633
5.288000 0.028552
5.296000 0.028472
5.304000 0.028391
5.312000 0.028312
5.320000 0.028232
5.328000 0.028153
5.336000 0.028074
5.344000 0.027995
5.352000 0.027917
5.360000 0.027839
5.368000 0.027761
5.376000 0.027684
5.384000 0.027606
5.392000 0.027530
5.400000 0.027453
5.408000 0.027377
5.416000 0.027301
5.424000 0.027225
5.432000 0.027150
5.440000 0.027075
5.448000 0.027000
5.456000 0.026926
5.464000 0.026852
5.472000 0.026778
5.480000 0.026704
5.488000 0.026631
5.496000 0.026558
5.504000 0.026485
5.512000 0.026413
5.520000 0.026341
5.528000 0.026269
5.536000 0.026197
5.544000 0.026126
5.552000 0.026055
5.560000 0.025984
5.568000 0.025914
5.576000 0.025843
5.584000 0.025773
5.592000 0.025704
5.600000 0.025634
5.608000 0.025565
5.616000 0.025496
5.624000 0.025427
5.632000 0.025359
5.640000 0.025291
5.648000 0.025223
5.656000 0.025155
5.664000 0.025088
5.672000 0.025021
5.680000 0.024954
5.688000 0.024887
5.696000 0.024821
5.704000 0.024755
5.712000 0.024689
5.720000 0.024623
5.728000 0.024558
5.736000 0.024493
5.744000 0.024428
5.752000 0.024364
5.760000 0.024299
5.768000 0.024235
5.776000 0.024171
5.784000 0.024107
5.792000 0.024044
5.800000 0.023981
5.808000 0.023918
5.816000 0.023855
5.824000 0.023792
5.832000 0.023730
5.840000 0.023668
5.848000 0.023606
5.856000 0.023545
5.864000 0.023483
5.872000 0.023422
5.880000 0.023361
5.888000 0.023301
5.896000 0.023240
5.904000 0.023180
5.912000 0.023120
5.920000 0.023060
5.928000 0.023000
5.936000 0.022941
5.944000 0.022882
5.952000 0.022823
5.960000 0.022764
5.968000 0.022706
5.976000 0.022647
5.984000 0.022589
5.992000 0.022531
6.000000 0.022474
6.008000 0.022416
6.016000 0.022359
6.024000 0.022302
6.032000 0.022245
6.040000 0.022188
6.048000 0.022132
6.056000 0.022076
6.064000 0.022020
6.072000 0.021964
6.080000 0.021908
6.088000 0.021853
6.096000 0.021798
6.104000 0.021742
6.112000 0.021688
6.120000 0.021633
6.128000 0.021578
6.136000 0.021524
6.144000 0.021470
6.152000 0.021416
6.160000 0.021362
6.168000 0.021309
6.176000 0.021256
6.184000 0.021202
6.192000 0.021150
6.200000 0.021097
6.208000 0.021044
6.216000 0.020992
6.224000 0.020940
6.232000 0.020888
6.240000 0.020836
6.248000 0.020784
6.256000 0.020732
6.264000 0.020681
6.272000 0.020630
6.280000 0.020579
6.288000 0.020528
6.296000 0.020478
6.304000 0.020427
6.312000 0.020377
6.320000 0.020327
6.328000 0.020277
6.336000 0.020227
6.344000 0.020178
6.352000 0.020128
6.360000 0.020079
6.368000 0.020030
6.376000 0.019981
6.384000 0.019932
6.392000 0.019884
6.400000 0.019835
6.408000 0.019787
6.416000 0.019739
6.424000 0.019691
6.432000 0.019643
6.440000 0.019596
6.448000 0.019548
6.456000 0.019501
6.464000 0.019454
6.472000 0.019407
6.480000 0.019360
6.488000 0.019314
6.496000 0.019267
6.504000 0.019221
6.512000 0.019175
6.520000 0.019129
6.528000 0.019083
6.536000 0.019037
6.544000 0.018992
6.552000 0.018946
6.560000 0.018901
6.568000 0.018856
6.576000 0.018811
6.584000 0.018766
6.592000 0.018722
6.600000 0.018677
6.608000 0.018633
6.616000 0.018589
6.624000 0.018545
6.632000 0.018501
6.640000 0.018457
6.648000 0.018414
6.656000 0.018370
6.664000 0.018327
6.672000 0.018284
6.680000 0.018241
6.688000 0.018198
6.696000 0.018155
6.704000 0.018112
6.712000 0.018070
6.720000 0.018027
6.728000 0.017985
6.736000 0.017943
6.744000 0.017901
6.752000 0.017860
6.760000 0.017818
6.768000 0.017776
6.776000 0.017735
6.784000 0.017694
6.792000 0.017653
6.800000 0.017612
6.808000 0.017571
6.816000 0.017530
6.824000 0.017490
6.832000 0.017449
6.840000 0.017409
6.848000 0.017369
6.856000 0.017329
6.864000 0.017289
6.872000 0.017249
6.880000 0.017209
6.888000 0.017170
6.896000 0.017130
6.904000 0.017091
6.912000 0.017052
6.920000 0.017013
6.928000 0.016974
6.936000 0.016935
6.944000 0.016896
6.952000 0.016858
6.960000 0.016819
6.968000 0.016781
6.976000 0.016743
6.984000 0.016705
6.992000 0.016667
7.000000 0.016629
7.008000 0.016591
7.016000 0.016554
7.024000 0.016516
7.032000 0.016479
7.040000 0.016442
7.048000 0.016404
7.056000 0.016368
7.064000 0.016331
7.072000 0.016294
7.080000 0.016257
7.088000 0.016221
7.096000 0.016184
7.104000 0.016148
7.112000 0.016112
7.120000 0.016076
7.128000 0.016040
7.136000 0.016004
7.144000 0.015968
7.152000 0.015932
7.160000 0.015897
7.168000 0.015861
7.176000 0.015826
7.184000 0.015791
7.192000 0.015756
7.200000 0.015721
7.208000 0.015686
7.216000 0.015651
7.224000 0.015617
7.232000 0.015582
7.240000 0.015548
7.248000 0.015513
7.256000 0.015479
7.264000 0.015445
7.272000 0.015411
7.280000 0.015377
7.288000 0.015343
7.296000 0.015309
7.304000 0.015276
7.312000 0.015242
7.320000 0.015209
7.328000 0.015176
7.336000 0.015142
7.344000 0.015109
7.352000 0.015076
7.360000 0.015043
7.368000 0.015010
7.376000 0.014978
7.384000 0.014945
7.392000 0.014913
7.400000 0.014880
7.408000 0.014848
7.416000 0.014816
7.424000 0.014784
7.432000 0.014751
7.440000 0.014720
7.448000 0.014688
7.456000 0.014656
7.464000 0.014624
7.472000 0.014593
7.480000 0.014561
7.488000 0.014530
7.496000 0.014499
7.504000 0.014467
7.512000 0.014436
7.520000 0.014405
7.528000 0.014374
7.536000 0.014344
7.544000 0.014313
7.552000 0.014282
7.560000 0.014252
7.568000 0.014221
7.576000 0.014191
7.584000 0.014161
7.592000 0.014130
7.600000 0.014100
7.608000 0.014070
7.616000 0.014040
7.624000 0.014011
7.632000 0.013981
7.640000 0.013951
7.648000 0.013922
7.656000 0.013892
7.664000 0.013863
7.672000 0.013833
7.680000 0.013804
7.688000 0.013775
7.696000 0.013746
7.704000 0.013717
7.712000 0.013688
7.720000 0.013659
7.728000 0.013631
7.736000 0.013602
7.744000 0.013573
7.752000 0.013545
7.760000 0.013516
7.768000 0.013488
7.776000 0.013460
7.784000 0.013432
7.792000 0.013404
7.800000 0.013376
7.808000 0.013348
7.816000 0.013320
7.824000 0.013292
7.832000 0.013265
7.840000 0.013237
7.848000 0.013209
7.856000 0.013182
7.864000 0.013155
7.872000 0.013127
7.880000 0.013100
7.888000 0.013073
7.896000 0.013046
7.904000 0.013019
7.912000 0.012992
7.920000 0.012965
7.928000 0.012939
7.936000 0.012912
7.944000 0.012885
7.952000 0.012859
7.960000 0.012832
7.968000 0.012806
7.976000 0.012780
7.984000 0.012753
7.992000 0.012727
8.000000 0.012701
8.008000 0.012675
8.016000 0.012649
8.024000 0.012623
8.032000 0.012598
8.040000 0.012572
8.048000 0.012546
8.056000 0.012521
8.064000 0.012495
8.072000 0.012470
8.080000 0.012444
8.088000 0.012419
8.096000 0.012394
8.104000 0.012369
8.112000 0.012344
8.120000 0.012319
8.128000 0.012294
8.136000 0.012269
8.144000 0.012244
8.152000 0.012219
8.160000 0.012195
8.168000 0.012170
8.176000 0.012145
8.184000 0.012121
8.192000 0.012097
8.200000 0.012072
8.208000 0.012048
8.216000 0.012024
8.224000 0.012000
8.232000 0.011976
8.240000 0.011952
8.248000 0.011928
8.256000 0.011904
8.264000 0.011880
8.272000 0.011856
8.280000 0.011833
8.288000 0.011809
8.296000 0.011785
8.304000 0.011762
8.312000 0.011738
8.320000 0.011715
8.328000 0.011692
8.336000 0.011669
8.344000 0.011645
8.352000 0.011622
8.360000 0.011599
8.368000 0.011576
8.376000 0.011553
8.384000 0.011530
8.392000 0.011508
8.400000 0.011485
8.408000 0.011462
8.416000 0.011440
8.424000 0.011417
8.432000 0.011395
8.440000 0.011372
8.448000 0.011350
8.456000 0.011327
8.464000 0.011305
8.472000 0.011283
8.480000 0.011261
8.488000 0.011239
8.496000 0.011217
8.504000 0.011195
8.512000 0.011173
8.520000 0.011151
8.528000 0.011129
8.536000 0.011107
8.544000 0.011086
8.552000 0.011064
8.560000 0.011043
8.568000 0.011021
8.576000 0.011000
8.584000 0.010978
8.592000 0.010957
8.600000 0.010936
8.608000 0.010914
8.616000 0.010893
8.624000 0.010872
8.632000 0.010851
8.640000 0.010830
8.648000 0.010809
8.656000 0.010788
8.664000 0.010767
8.672000 0.010746
8.680000 0.010726
8.688000 0.010705
8.696000 0.010684
8.704000 0.010664
8.712000 0.010643
8.720000 0.010623
8.728000 0.010602
8.736000 0.010582
8.744000 0.010562
8.752000 0.010541
8.760000 0.010521
8.768000 0.010501
8.776000 0.010481
8.784000 0.010461
8.792000 0.010441
8.800000 0.010421
8.808000 0.010401
8.816000 0.010381
8.824000 0.010361
8.832000 0.010342
8.840000 0.010322
8.848000 0.010302
8.856000 0.010283
8.864000 0.010263
8.872000 0.010244
8.880000 0.010224
8.888000 0.010205
8.896000 0.010185
8.904000 0.010166
8.912000 0.010147
8.920000 0.010128
8.928000 0.010109
8.936000 0.010089
8.944000 0.010070
8.952000 0.010051
8.960000 0.010032
8.968000 0.010014
8.976000 0.009995
8.984000 0.009976
8.992000 0.009957
9.000000 0.009938
9.008000 0.009920
9.016000 0.009901
9.024000 0.009882
9.032000 0.009864
9.040000 0.009845
9.048000 0.009827
9.056000 0.009809
9.064000 0.009790
9.072000 0.009772
9.080000 0.009754
9.088000 0.009735
9.096000 0.009717
9.104000 0.009699
9.112000 0.009681
9.120000 0.009663
9.128000 0.009645
9.136000 0.009627
9.144000 0.009609
9.152000 0.009591
9.160000 0.009573
9.168000 0.009556
9.176000 0.009538
9.184000 0.009520
9.192000 0.009503
9.200000 0.009485
9.208000 0.009467
9.216000 0.009450
9.224000 0.009432
9.232000 0.009415
9.240000 0.009398
9.248000 0.009380
9.256000 0.009363
9.264000 0.009346
9.272000 0.009328
9.280000 0.009311
9.288000 0.009294
9.296000 0.009277
9.304000 0.009260
9.312000 0.009243
9.320000 0.009226
9.328000 0.009209
9.336000 0.009192
9.344000 0.009175
9.352000 0.009159
9.360000 0.009142
9.368000 0.009125
9.376000 0.009108
9.384000 0.009092
9.392000 0.009075
9.400000 0.009059
9.408000 0.009042
9.416000 0.009025
9.424000 0.009009
9.432000 0.008993
9.440000 0.008976
9.448000 0.008960
9.456000 0.008944
9.464000 0.008927
9.472000 0.008911
9.480000 0.008895
9.488000 0.008879
9.496000 0.008863
9.504000 0.008847
9.512000 0.008831
9.520000 0.008815
9.528000 0.008799
9.536000 0.008783
9.544000 0.008767
9.552000 0.008751
9.560000 0.008735
9.568000 0.008720
9.576000 0.008704
9.584000 0.008688
9.592000 0.008673
9.600000 0.008657
9.608000 0.008641
9.616000 0.008626
9.624000 0.008610
9.632000 0.008595
9.640000 0.008579
9.648000 0.008564
9.656000 0.008549
9.664000 0.008533
9.672000 0.008518
9.680000 0.008503
9.688000 0.008488
9.696000 0.008472
9.704000 0.008457
9.712000 0.008442
9.720000 0.008427
9.728000 0.008412
9.736000 0.008397
9.744000 0.008382
9.752000 0.008367
9.760000 0.008352
9.768000 0.008337
9.776000 0.008323
9.784000 0.008308
9.792000 0.008293
9.800000 0.008278
9.808000 0.008264
9.816000 0.008249
9.824000 0.008234
9.832000 0.008220
9.840000 0.008205
9.848000 0.008191
9.856000 0.008176
9.864000 0.008162
9.872000 0.008147
9.880000 0.008133
9.888000 0.008118
9.896000 0.008104
9.904000 0.008090
9.912000 0.008076
9.920000 0.008061
9.928000 0.008047
9.936000 0.008033
9.944000 0.008019
9.952000 0.008005
9.960000 0.007991
9.968000 0.007977
9.976000 0.007963
9.984000 0.007949
9.992000 0.007935
10.000000 0.007921
10.008000 0.007907
10.016000 0.007893
10.024000 0.007879
10.032000 0.007865
10.040000 0.007852
10.048000 0.007838
10.056000 0.007824
10.064000 0.007811
10.072000 0.007797
10.080000 0.007783
10.088000 0.007770
10.096000 0.007756
10.104000 0.007743
10.112000 0.007729
10.120000 0.007716
10.128000 0.007702
10.136000 0.007689
10.144000 0.007676
10.152000 0.007662
10.160000 0.007649
10.168000 0.007636
10.176000 0.007622
10.184000 0.007609
10.192000 0.007596
10.200000 0.007583
10.208000 0.007570
10.216000 0.007557
10.224000 0.007543
10.232000 0.007530
10.240000 0.007517
10.248000 0.007504
10.256000 0.007491
10.264000 0.007479
10.272000 0.007466
10.280000 0.007453
10.288000 0.007440
10.296000 0.007427
10.304000 0.007414
10.312000 0.007402
10.320000 0.007389
10.328000 0.007376
10.336000 0.007363
10.344000 0.007351
10.352000 0.007338
10.360000 0.007326
10.368000 0.007313
10.376000 0.007300
10.384000 0.007288
10.392000 0.007275
10.400000 0.007263
10.408000 0.007251
10.416000 0.007238
10.424000 0.007226
10.432000 0.007213
10.440000 0.007201
10.448000 0.007189
10.456000 0.007177
10.464000 0.007164
10.472000 0.007152
10.480000 0.007140
10.488000 0.007128
10.496000 0.007116
10.504000 0.007103
10.512000 0.007091
10.520000 0.007079
10.528000 0.007067
10.536000 0.007055
10.544000 0.007043
10.552000 0.007031
10.560000 0.007019
10.568000 0.007007
10.576000 0.006996
10.584000 0.006984
10.592000 0.006972
10.600000 0.006960
10.608000 0.006948
10.616000 0.006937
10.624000 0.006925
10.632000 0.006913
10.640000 0.006901
10.648000 0.006890
10.656000 0.006878
10.664000 0.006867
10.672000 0.006855
10.680000 0.006843
10.688000 0.006832
10.696000 0.006820
10.704000 0.006809
10.712000 0.006797
10.720000 0.006786
10.728000 0.006775
10.736000 0.006763
10.744000 0.006752
10.752000 0.006740
10.760000 0.006729
10.768000 0.006718
10.776000 0.006706
10.784000 0.006695
10.792000 0.006684
10.800000 0.006673
10.808000 0.006662
10.816000 0.006650
10.824000 0.006639
10.832000 0.006628
10.840000 0.006617
10.848000 0.006606
10.856000 0.006595
10.864000 0.006584
10.872000 0.006573
10.880000 0.006562
10.888000 0.006551
10.896000 0.006540
10.904000 0.006529
10.912000 0.006518
10.920000 0.006508
10.928000 0.006497
10.936000 0.006486
10.944000 0.006475
10.952000 0.006464
10.960000 0.006454
10.968000 0.006443
10.976000 0.006432
10.984000 0.006421
10.992000 0.006411
11.000000 0.006400
11.008000 0.006389
11.016000 0.006379
11.024000 0.006368
11.032000 0.006358
11.040000 0.006347
11.048000 0.006337
11.056000 0.006326
11.064000 0.006316
11.072000 0.006305
11.080000 0.006295
11.088000 0.006284
11.096000 0.006274
11.104000 0.006264
11.112000 0.006253
11.120000 0.006243
11.128000 0.006233
11.136000 0.006222
11.144000 0.006212
11.152000 0.006202
11.160000 0.006192
11.168000 0.006182
11.176000 0.006171
11.184000 0.006161
11.192000 0.006151
11.200000 0.006141
11.208000 0.006131
11.216000 0.006121
11.224000 0.006111
11.232000 0.006101
11.240000 0.006091
11.248000 0.006081
11.256000 0.006071
11.264000 0.006061
11.272000 0.006051
11.280000 0.006041
11.288000 0.006031
11.296000 0.006021
11.304000 0.006011
11.312000 0.006001
11.320000 0.005992
11.328000 0.005982
11.336000 0.005972
11.344000 0.005962
11.352000 0.005952
11.360000 0.005943
11.368000 0.005933
11.376000 0.005923
11.384000 0.005914
11.392000 0.005904
11.400000 0.005894
11.408000 0.005885
11.416000 0.005875
11.424000 0.005866
11.432000 0.005856
11.440000 0.005847
11.448000 0.005837
11.456000 0.005828
11.464000 0.005818
11.472000 0.005809
11.480000 0.005799
11.488000 0.005790
11.496000 0.005780
11.504000 0.005771
11.512000 0.005762
11.520000 0.005752
11.528000 0.005743
11.536000 0.005734
11.544000 0.005724
11.552000 0.005715
11.560000 0.005706
11.568000 0.005696
11.576000 0.005687
11.584000 0.005678
11.592000 0.005669
11.600000 0.005660
11.608000 0.005650
11.616000 0.005641
11.624000 0.005632
11.632000 0.005623
11.640000 0.005614
11.648000 0.005605
11.656000 0.005596
11.664000 0.005587
11.672000 0.005578
11.680000 0.005569
11.688000 0.005560
11.696000 0.005551
11.704000 0.005542
11.712000 0.005533
11.720000 0.005524
11.728000 0.005515
11.736000 0.005506
11.744000 0.005497
11.752000 0.005489
11.760000 0.005480
11.768000 0.005471
11.776000 0.005462
11.784000 0.005453
11.792000 0.005445
11.800000 0.005436
11.808000 0.005427
11.816000 0.005418
11.824000 0.005410
11.832000 0.005401
11.840000 0.005392
11.848000 0.005384
11.856000 0.005375
11.864000 0.005366
11.872000 0.005358
11.880000 0.005349
11.888000 0.005341
11.896000 0.005332
11.904000 0.005324
11.912000 0.005315
11.920000 0.005307
11.928000 0.005298
11.936000 0.005290
11.944000 0.005281
11.952000 0.005273
11.960000 0.005264
11.968000 0.005256
11.976000 0.005248
11.984000 0.005239
11.992000 0.005231
12.000000 0.005222
12.008000 0.005214
12.016000 0.005206
12.024000 0.005197
12.032000 0.005189
12.040000 0.005181
12.048000 0.005173
12.056000 0.005164
12.064000 0.005156
12.072000 0.005148
12.080000 0.005140
12.088000 0.005132
12.096000 0.005123
12.104000 0.005115
12.112000 0.005107
12.120000 0.005099
12.128000 0.005091
12.136000 0.005083
12.144000 0.005075
12.152000 0.005067
12.160000 0.005059
12.168000 0.005051
12.176000 0.005043
12.184000 0.005035
12.192000 0.005027
12.200000 0.005019
12.208000 0.005011
12.216000 0.005003
12.224000 0.004995
12.232000 0.004987
12.240000 0.004979
12.248000 0.004971
12.256000 0.004963
12.264000 0.004955
12.272000 0.004947
12.280000 0.004940
12.288000 0.004932
12.296000 0.004924
12.304000 0.004916
12.312000 0.004908
12.320000 0.004901
12.328000 0.004893
12.336000 0.004885
12.344000 0.004877
12.352000 0.004870
12.360000 0.004862
12.368000 0.004854
12.376000 0.004847
12.384000 0.004839
12.392000 0.004831
12.400000 0.004824
12.408000 0.004816
12.416000 0.004809
12.424000 0.004801
12.432000 0.004793
12.440000 0.004786
12.448000 0.004778
12.456000 0.004771
12.464000 0.004763
12.472000 0.004756
12.480000 0.004748
12.488000 0.004741
12.496000 0.004733
12.504000 0.004726
12.512000 0.004718
12.520000 0.004711
12.528000 0.004704
12.536000 0.004696
12.544000 0.004689
12.552000 0.004681
12.560000 0.004674
12.568000 0.004667
12.576000 0.004659
12.584000 0.004652
12.592000 0.004645
12.600000 0.004637
12.608000 0.004630
12.616000 0.004623
12.624000 0.004616
12.632000 0.004608
12.640000 0.004601
12.648000 0.004594
12.656000 0.004587
12.664000 0.004579
12.672000 0.004572
12.680000 0.004565
12.688000 0.004558
12.696000 0.004551
12.704000 0.004544
12.712000 0.004536
12.720000 0.004529
12.728000 0.004522
12.736000 0.004515
12.744000 0.004508
12.752000 0.004501
12.760000 0.004494
12.768000 0.004487
12.776000 0.004480
12.784000 0.004473
12.792000 0.004466
12.800000 0.004459
12.808000 0.004452
12.816000 0.004445
12.824000 0.004438
12.832000 0.004431
12.840000 0.004424
12.848000 0.004417
12.856000 0.004410
12.864000 0.004403
12.872000 0.004396
12.880000 0.004390
12.888000 0.004383
12.896000 0.004376
12.904000 0.004369
12.912000 0.004362
12.920000 0.004355
12.928000 0.004349
12.936000 0.004342
12.944000 0.004335
12.952000 0.004328
12.960000 0.004321
12.968000 0.004315
12.976000 0.004308
12.984000 0.004301
12.992000 0.004295
13.000000 0.004288
13.008000 0.004281
13.016000 0.004274
13.024000 0.004268
13.032000 0.004261
13.040000 0.004254
13.048000 0.004248
13.056000 0.004241
13.064000 0.004235
13.072000 0.004228
13.080000 0.004221
13.088000 0.004215
13.096000 0.004208
13.104000 0.004202
13.112000 0.004195
13.120000 0.004189
13.128000 0.004182
13.136000 0.004176
13.144000 0.004169
13.152000 0.004163
13.160000 0.004156
13.168000 0.004150
13.176000 0.004143
13.184000 0.004137
13.192000 0.004130
13.200000 0.004124
13.208000 0.004117
13.216000 0.004111
13.224000 0.004105
13.232000 0.004098
13.240000 0.004092
13.248000 0.004085
13.256000 0.004079
13.264000 0.004073
13.272000 0.004066
13.280000 0.004060
13.288000 0.004054
13.296000 0.004047
13.304000 0.004041
13.312000 0.004035
13.320000 0.004029
13.328000 0.004022
13.336000 0.004016
13.344000 0.004010
13.352000 0.004003
13.360000 0.003997
13.368000 0.003991
13.376000 0.003985
13.384000 0.003979
13.392000 0.003972
13.400000 0.003966
13.408000 0.003960
13.416000 0.003954
13.424000 0.003948
13.432000 0.003942
13.440000 0.003936
13.448000 0.003929
13.456000 0.003923
13.464000 0.003917
13.472000 0.003911
13.480000 0.003905
13.488000 0.003899
13.496000 0.003893
13.504000 0.003887
13.512000 0.003881
13.520000 0.003875
13.528000 0.003869
13.536000 0.003863
13.544000 0.003857
13.552000 0.003851
13.560000 0.003845
13.568000 0.003839
13.576000 0.003833
13.584000 0.003827
13.592000 0.003821
13.600000 0.003815
13.608000 0.003809
13.616000 0.003803
13.624000 0.003797
13.632000 0.003791
13.640000 0.003785
13.648000 0.003779
13.656000 0.003774
13.664000 0.003768
13.672000 0.003762
13.680000 0.003756
13.688000 0.003750
13.696000 0.003744
13.704000 0.003739
13.712000 0.003733
13.720000 0.003727
13.728000 0.003721
13.736000 0.003715
13.744000 0.003710
13.752000 0.003704
13.760000 0.003698
13.768000 0.003692
13.776000 0.003687
13.784000 0.003681
13.792000 0.003675
13.800000 0.003669
13.808000 0.003664
13.816000 0.003658
13.824000 0.003652
13.832000 0.003647
13.840000 0.003641
13.848000 0.003635
13.856000 0.003630
13.864000 0.003624
13.872000 0.003618
13.880000 0.003613
13.888000 0.003607
13.896000 0.003601
13.904000 0.003596
13.912000 0.003590
13.920000 0.003585
13.928000 0.003579
13.936000 0.003573
13.944000 0.003568
13.952000 0.003562
13.960000 0.003557
13.968000 0.003551
13.976000 0.003546
13.984000 0.003540
13.992000 0.003535
14.000000 0.003529
14.008000 0.003524
14.016000 0.003518
14.024000 0.003513
14.032000 0.003507
14.040000 0.003502
14.048000 0.003496
14.056000 0.003491
14.064000 0.003485
14.072000 0.003480
14.080000 0.003475
14.088000 0.003469
14.096000 0.003464
14.104000 0.003458
14.112000 0.003453
14.120000 0.003448
14.128000 0.003442
14.136000 0.003437
14.144000 0.003431
14.152000 0.003426
14.160000 0.003421
14.168000 0.003415
14.176000 0.003410
14.184000 0.003405
14.192000 0.003399
14.200000 0.003394
14.208000 0.003389
14.216000 0.003384
14.224000 0.003378
14.232000 0.003373
14.240000 0.003368
14.248000 0.003363
14.256000 0.003357
14.264000 0.003352
14.272000 0.003347
14.280000 0.003342
14.288000 0.003336
14.296000 0.003331
14.304000 0.003326
14.312000 0.003321
14.320000 0.003316
14.328000 0.003310
14.336000 0.003305
14.344000 0.003300
14.352000 0.003295
14.360000 0.003290
14.368000 0.003285
14.376000 0.003279
14.384000 0.003274
14.392000 0.003269
14.400000 0.003264
14.408000 0.003259
14.416000 0.003254
14.424000 0.003249
14.432000 0.003244
14.440000 0.003239
14.448000 0.003233
14.456000 0.003228
14.464000 0.003223
14.472000 0.003218
14.480000 0.003213
14.488000 0.003208
14.496000 0.003203
14.504000 0.003198
14.512000 0.003193
14.520000 0.003188
14.528000 0.003183
14.536000 0.003178
14.544000 0.003173
14.552000 0.003168
14.560000 0.003163
14.568000 0.003158
14.576000 0.003153
14.584000 0.003148
14.592000 0.003143
14.600000 0.003138
14.608000 0.003133
14.616000 0.003128
14.624000 0.003124
14.632000 0.003119
14.640000 0.003114
14.648000 0.003109
14.656000 0.003104
14.664000 0.003099
14.672000 0.003094
14.680000 0.003089
14.688000 0.003084
14.696000 0.003080
14.704000 0.003075
14.712000 0.003070
14.720000 0.003065
14.728000 0.003060
14.736000 0.003055
14.744000 0.003050
14.752000 0.003046
14.760000 0.003041
14.768000 0.003036
14.776000 0.003031
14.784000 0.003026
14.792000 0.003022
14.800000 0.003017
14.808000 0.003012
14.816000 0.003007
14.824000 0.003003
14.832000 0.002998
14.840000 0.002993
14.848000 0.002988
14.856000 0.002984
14.864000 0.002979
14.872000 0.002974
14.880000 0.002969
14.888000 0.002965
14.896000 0.002960
14.904000 0.002955
14.912000 0.002951
14.920000 0.002946
14.928000 0.002941
14.936000 0.002937
14.944000 0.002932
14.952000 0.002927
14.960000 0.002923
14.968000 0.002918
14.976000 0.002913
14.984000 0.002909
14.992000 0.002904
15.000000 0.002899
15.008000 0.002895
15.016000 0.002890
15.024000 0.002886
15.032000 0.002881
15.040000 0.002876
15.048000 0.002872
15.056000 0.002867
15.064000 0.002863
15.072000 0.002858
15.080000 0.002854
15.088000 0.002849
15.096000 0.002844
15.104000 0.002840
15.112000 0.002835
15.120000 0.002831
15.128000 0.002826
15.136000 0.002822
15.144000 0.002817
15.152000 0.002813
15.160000 0.002808
15.168000 0.002804
15.176000 0.002799
15.184000 0.002795
15.192000 0.002790
15.200000 0.002786
15.208000 0.002781
15.216000 0.002777
15.224000 0.002772
15.232000 0.002768
15.240000 0.002764
15.248000 0.002759
15.256000 0.002755
15.264000 0.002750
15.272000 0.002746
15.280000 0.002741
15.288000 0.002737
15.296000 0.002733
15.304000 0.002728
15.312000 0.002724
15.320000 0.002719
15.328000 0.002715
15.336000 0.002711
15.344000 0.002706
15.352000 0.002702
15.360000 0.002697
15.368000 0.002693
15.376000 0.002689
15.384000 0.002684
15.392000 0.002680
15.400000 0.002676
15.408000 0.002671
15.416000 0.002667
15.424000 0.002663
15.432000 0.002658
15.440000 0.002654
15.448000 0.002650
15.456000 0.002645
15.464000 0.002641
15.472000 0.002637
15.480000 0.002633
15.488000 0.002628
15.496000 0.002624
15.504000 0.002620
15.512000 0.002615
15.520000 0.002611
15.528000 0.002607
15.536000 0.002603
15.544000 0.002598
15.552000 0.002594
15.560000 0.002590
15.568000 0.002586
15.576000 0.002582
15.584000 0.002577
15.592000 0.002573
15.600000 0.002569
15.608000 0.002565
15.616000 0.002560
15.624000 0.002556
15.632000 0.002552
15.640000 0.002548
15.648000 0.002544
15.656000 0.002540
15.664000 0.002535
15.672000 0.002531
15.680000 0.002527
15.688000 0.002523
15.696000 0.002519
15.704000 0.002515
15.712000 0.002510
15.720000 0.002506
15.728000 0.002502
15.736000 0.002498
15.744000 0.002494
15.752000 0.002490
15.760000 0.002486
15.768000 0.002482
15.776000 0.002477
15.784000 0.002473
15.792000 0.002469
15.800000 0.002465
15.808000 0.002461
15.816000 0.002457
15.824000 0.002453
15.832000 0.002449
15.840000 0.002445
15.848000 0.002441
15.856000 0.002437
15.864000 0.002433
15.872000 0.002429
15.880000 0.002424
15.888000 0.002420
15.896000 0.002416
15.904000 0.002412
15.912000 0.002408
15.920000 0.002404
15.928000 0.002400
15.936000 0.002396
15.944000 0.002392
15.952000 0.002388
15.960000 0.002384
15.968000 0.002380
15.976000 0.002376
15.984000 0.002372
15.992000 0.002368
16.000000 0.002364
16.008000 0.002360
16.016000 0.002356
16.024000 0.002352
16.032000 0.002348
16.040000 0.002344
16.048000 0.002340
16.056000 0.002337
16.064000 0.002333
16.072000 0.002329
16.080000 0.002325
16.088000 0.002321
16.096000 0.002317
16.104000 0.002313
16.112000 0.002309
16.120000 0.002305
16.128000 0.002301
16.136000 0.002297
16.144000 0.002293
16.152000 0.002289
16.160000 0.002286
16.168000 0.002282
16.176000 0.002278
16.184000 0.002274
16.192000 0.002270
16.200000 0.002266
16.208000 0.002262
16.216000 0.002258
16.224000 0.002255
16.232000 0.002251
16.240000 0.002247
16.248000 0.002243
16.256000 0.002239
16.264000 0.002235
16.272000 0.002231
16.280000 0.002228
16.288000 0.002224
16.296000 0.002220
16.304000 0.002216
16.312000 0.002212
16.320000 0.002208
16.328000 0.002205
16.336000 0.002201
16.344000 0.002197
16.352000 0.002193
16.360000 0.002189
16.368000 0.002186
16.376000 0.002182
16.384000 0.002178
16.392000 0.002174
16.400000 0.002170
16.408000 0.002167
16.416000 0.002163
16.424000 0.002159
16.432000 0.002155
16.440000 0.002152
16.448000 0.002148
16.456000 0.002144
16.464000 0.002140
16.472000 0.002137
16.480000 0.002133
16.488000 0.002129
16.496000 0.002125
16.504000 0.002122
16.512000 0.002118
16.520000 0.002114
16.528000 0.002110
16.536000 0.002107
16.544000 0.002103
16.552000 0.002099
16.560000 0.002096
16.568000 0.002092
16.576000 0.002088
16.584000 0.002084
16.592000 0.002081
16.600000 0.002077
16.608000 0.002073
16.616000 0.002070
16.624000 0.002066
16.632000 0.002062
16.640000 0.002059
16.648000 0.002055
16.656000 0.002051
16.664000 0.002048
16.672000 0.002044
16.680000 0.002040
16.688000 0.002037
16.696000 0.002033
16.704000 0.002029
16.712000 0.002026
16.720000 0.002022
16.728000 0.002018
16.736000 0.002015
16.744000 0.002011
16.752000 0.002008
16.760000 0.002004
16.768000 0.002000
16.776000 0.001997
16.784000 0.001993
16.792000 0.001989
16.800000 0.001986
16.808000 0.001982
16.816000 0.001979
16.824000 0.001975
16.832000 0.001971
16.840000 0.001968
16.848000 0.001964
16.856000 0.001961
16.864000 0.001957
16.872000 0.001953
16.880000 0.001950
16.888000 0.001946
16.896000 0.001943
16.904000 0.001939
16.912000 0.001936
16.920000 0.001932
16.928000 0.001928
16.936000 0.001925
16.944000 0.001921
16.952000 0.001918
16.960000 0.001914
16.968000 0.001911
16.976000 0.001907
16.984000 0.001904
16.992000 0.001900
17.000000 0.001897
17.008000 0.001893
17.016000 0.001889
17.024000 0.001886
17.032000 0.001882
17.040000 0.001879
17.048000 0.001875
17.056000 0.001872
17.064000 0.001868
17.072000 0.001865
17.080000 0.001861
17.088000 0.001858
17.096000 0.001854
17.104000 0.001851
17.112000 0.001847
17.120000 0.001844
17.128000 0.001840
17.136000 0.001837
17.144000 0.001833
17.152000 0.001830
17.160000 0.001826
17.168000 0.001823
17.176000 0.001819
17.184000 0.001816
17.192000 0.001812
17.200000 0.001809
17.208000 0.001805
17.216000 0.001802
17.224000 0.001799
17.232000 0.001795
17.240000 0.001792
17.248000 0.001788
17.256000 0.001785
17.264000 0.001781
17.272000 0.001778
17.280000 0.001774
17.288000 0.001771
17.296000 0.001767
17.304000 0.001764
17.312000 0.001761
17.320000 0.001757
17.328000 0.001754
17.336000 0.001750
17.344000 0.001747
17.352000 0.001743
17.360000 0.001740
17.368000 0.001737
17.376000 0.001733
17.384000 0.001730
17.392000 0.001726
17.400000 0.001723
17.408000 0.001719
17.416000 0.001716
17.424000 0.001713
17.432000 0.001709
17.440000 0.001706
17.448000 0.001702
17.456000 0.001699
17.464000 0.001696
17.472000 0.001692
17.480000 0.001689
17.488000 0.001685
17.496000 0.001682
17.504000 0.001679
17.512000 0.001675
17.520000 0.001672
17.528000 0.001668
17.536000 0.001665
17.544000 0.001662
17.552000 0.001658
17.560000 0.001655
17.568000 0.001652
17.576000 0.001648
17.584000 0.001645
17.592000 0.001641
17.600000 0.001638
17.608000 0.001635
17.616000 0.001631
17.624000 0.001628
17.632000 0.001625
17.640000 0.001621
17.648000 0.001618
17.656000 0.001615
17.664000 0.001611
17.672000 0.001608
17.680000 0.001605
17.688000 0.001601
17.696000 0.001598
17.704000 0.001594
17.712000 0.001591
17.720000 0.001588
17.728000 0.001584
17.736000 0.001581
17.744000 0.001578
17.752000 0.001574
17.760000 0.001571
17.768000 0.001568
17.776000 0.001564
17.784000 0.001561
17.792000 0.001558
17.800000 0.001554
17.808000 0.001551
17.816000 0.001548
17.824000 0.001545
17.832000 0.001541
17.840000 0.001538
17.848000 0.001535
17.856000 0.001531
17.864000 0.001528
17.872000 0.001525
17.880000 0.001521
17.888000 0.001518
17.896000 0.001515
17.904000 0.001511
17.912000 0.001508
17.920000 0.001505
17.928000 0.001501
17.936000 0.001498
17.944000 0.001495
17.952000 0.001492
17.960000 0.001488
17.968000 0.001485
17.976000 0.001482
17.984000 0.001478
17.992000 0.001475
18.000000 0.001472
18.008000 0.001468
18.016000 0.001465
18.024000 0.001462
18.032000 0.001459
18.040000 0.001455
18.048000 0.001452
18.056000 0.001449
18.064000 0.001445
18.072000 0.001442
18.080000 0.001439
18.088000 0.001436
18.096000 0.001432
18.104000 0.001429
18.112000 0.001426
18.120000 0.001422
18.128000 0.001419
18.136000 0.001416
18.144000 0.001413
18.152000 0.001409
18.160000 0.001406
18.168000 0.001403
18.176000 0.001399
18.184000 0.001396
18.192000 0.001393
18.200000 0.001390
18.208000 0.001386
18.216000 0.001383
18.224000 0.001380
18.232000 0.001376
18.240000 0.001373
18.248000 0.001370
18.256000 0.001367
18.264000 0.001363
18.272000 0.001360
18.280000 0.001357
18.288000 0.001354
18.296000 0.001350
18.304000 0.001347
18.312000 0.001344
18.320000 0.001340
18.328000 0.001337
18.336000 0.001334
18.344000 0.001331
18.352000 0.001327
18.360000 0.001324
18.368000 0.001321
18.376000 0.001318
18.384000 0.001314
18.392000 0.001311
18.400000 0.001308
18.408000 0.001304
18.416000 0.001301
18.424000 0.001298
18.432000 0.001295
18.440000 0.001291
18.448000 0.001288
18.456000 0.001285
18.464000 0.001282
18.472000 0.001278
18.480000 0.001275
18.488000 0.001272
18.496000 0.001268
18.504000 0.001265
18.512000 0.001262
18.520000 0.001259
18.528000 0.001255
18.536000 0.001252
18.544000 0.001249
18.552000 0.001246
18.560000 0.001242
18.568000 0.001239
18.576000 0.001236
18.584000 0.001232
18.592000 0.001229
18.600000 0.001226
18.608000 0.001223
18.616000 0.001219
18.624000 0.001216
18.632000 0.001213
18.640000 0.001210
18.648000 0.001206
18.656000 0.001203
18.664000 0.001200
18.672000 0.001196
18.680000 0.001193
18.688000 0.001190
18.696000 0.001187
18.704000 0.001183
18.712000 0.001180
18.720000 0.001177
18.728000 0.001173
18.736000 0.001170
18.744000 0.001167
18.752000 0.001164
18.760000 0.001160
18.768000 0.001157
18.776000 0.001154
18.784000 0.001150
18.792000 0.001147
18.800000 0.001144
18.808000 0.001140
18.816000 0.001137
18.824000 0.001134
18.832000 0.001131
18.840000 0.001127
18.848000 0.001124
18.856000 0.001121
18.864000 0.001117
18.872000 0.001114
18.880000 0.001111
18.888000 0.001107
18.896000 0.001104
18.904000 0.001101
18.912000 0.001097
18.920000 0.001094
18.928000 0.001091
18.936000 0.001087
18.944000 0.001084
18.952000 0.001081
18.960000 0.001077
18.968000 0.001074
18.976000 0.001071
18.984000 0.001067
18.992000 0.001064
19.000000 0.001061
19.008000 0.001057
19.016000 0.001054
19.024000 0.001051
19.032000 0.001047
19.040000 0.001044
19.048000 0.001041
19.056000 0.001037
19.064000 0.001034
19.072000 0.001031
19.080000 0.001027
19.088000 0.001024
19.096000 0.001021
19.104000 0.001017
19.112000 0.001014
19.120000 0.001011
19.128000 0.001007
19.136000 0.001004
19.144000 0.001000
19.152000 0.000997
19.160000 0.000994
19.168000 0.000990
19.176000 0.000987
19.184000 0.000983
19.192000 0.000980
19.200000 0.000977
19.208000 0.000973
19.216000 0.000970
19.224000 0.000967
19.232000 0.000963
19.240000 0.000960
19.248000 0.000956
19.256000 0.000953
19.264000 0.000950
19.272000 0.000946
19.280000 0.000943
19.288000 0.000939
19.296000 0.000936
19.304000 0.000932
19.312000 0.000929
19.320000 0.000926
19.328000 0.000922
19.336000 0.000919
19.344000 0.000915
19.352000 0.000912
19.360000 0.000909
19.368000 0.000905
19.376000 0.000902
19.384000 0.000898
19.392000 0.000895
19.400000 0.000891
19.408000 0.000888
19.416000 0.000884
19.424000 0.000881
19.432000 0.000878
19.440000 0.000874
19.448000 0.000871
19.456000 0.000867
19.464000 0.000864
19.472000 0.000860
19.480000 0.000857
19.488000 0.000853
19.496000 0.000850
19.504000 0.000846
19.512000 0.000843
19.520000 0.000840
19.528000 0.000836
19.536000 0.000833
19.544000 0.000829
19.552000 0.000826
19.560000 0.000822
19.568000 0.000819
19.576000 0.000815
19.584000 0.000812
19.592000 0.000808
19.600000 0.000805
19.608000 0.000801
19.616000 0.000798
19.624000 0.000795
19.632000 0.000791
19.640000 0.000788
19.648000 0.000784
19.656000 0.000781
19.664000 0.000777
19.672000 0.000774
19.680000 0.000770
19.688000 0.000767
19.696000 0.000763
19.704000 0.000760
19.712000 0.000757
19.720000 0.000753
19.728000 0.000750
19.736000 0.000746
19.744000 0.000743
19.752000 0.000739
19.760000 0.000736
19.768000 0.000732
19.776000 0.000729
19.784000 0.000726
19.792000 0.000722
19.800000 0.000719
19.808000 0.000715
19.816000 0.000712
19.824000 0.000708
19.832000 0.000705
19.840000 0.000702
19.848000 0.000698
19.856000 0.000695
19.864000 0.000692
19.872000 0.000688
19.880000 0.000685
19.888000 0.000681
19.896000 0.000678
19.904000 0.000675
19.912000 0.000671
19.920000 0.000668
19.928000 0.000665
19.936000 0.000661
19.944000 0.000658
19.952000 0.000655
19.960000 0.000651
19.968000 0.000648
19.976000 0.000645
19.984000 0.000642
19.992000 0.000638
