-0.000000000 -7.446340861
0.008000000 -7.446489818
0.016000000 -7.446936599
0.024000000 -7.447680940
0.032000000 -7.448722404
0.040000000 -7.450060378
0.048000000 -7.451694074
0.056000000 -7.453622536
0.064000000 -7.455844634
0.072000000 -7.458359075
0.080000000 -7.461164396
0.088000000 -7.464258976
0.096000000 -7.467641030
0.104000000 -7.471308619
0.112000000 -7.475259652
0.120000000 -7.479491888
0.128000000 -7.484002941
0.136000000 -7.488790285
0.144000000 -7.493851258
0.152000000 -7.499183066
0.160000000 -7.504782790
0.168000000 -7.510647387
0.176000000 -7.516773700
0.184000000 -7.523158461
0.192000000 -7.529798295
0.200000000 -7.536689730
0.208000000 -7.543829196
0.216000000 -7.551213038
0.224000000 -7.558837516
0.232000000 -7.566698814
0.240000000 -7.574793045
0.248000000 -7.583116257
0.256000000 -7.591664438
0.264000000 -7.600433523
0.272000000 -7.609419399
0.280000000 -7.618617911
0.288000000 -7.628024868
0.296000000 -7.637636047
0.304000000 -7.647447201
0.312000000 -7.657454063
0.320000000 -7.667652352
0.328000000 -7.678037776
0.336000000 -7.688606040
0.344000000 -7.699352850
0.352000000 -7.710273916
0.360000000 -7.721364959
0.368000000 -7.732621716
0.376000000 -7.744039940
0.384000000 -7.755615410
0.392000000 -7.767343929
0.400000000 -7.779221334
0.408000000 -7.791243496
0.416000000 -7.803406321
0.424000000 -7.815705760
0.432000000 -7.828137807
0.440000000 -7.840698503
0.448000000 -7.853383940
0.456000000 -7.866190263
0.464000000 -7.879113671
0.472000000 -7.892150422
0.480000000 -7.905296831
0.488000000 -7.918549277
0.496000000 -7.931904201
0.504000000 -7.945358109
0.512000000 -7.958907573
0.520000000 -7.972549233
0.528000000 -7.986279795
0.536000000 -8.000096037
0.544000000 -8.013994808
0.552000000 -8.027973025
0.560000000 -8.042027679
0.568000000 -8.056155832
0.576000000 -8.070354618
0.584000000 -8.084621244
0.592000000 -8.098952989
0.600000000 -8.113347205
0.608000000 -8.127801316
0.616000000 -8.142312818
0.624000000 -8.156879279
0.632000000 -8.171498339
0.640000000 -8.186167707
0.648000000 -8.200885165
0.656000000 -8.215648563
0.664000000 -8.230455820
0.672000000 -8.245304923
0.680000000 -8.260193928
0.688000000 -8.275120955
0.696000000 -8.290084192
0.704000000 -8.305081890
0.712000000 -8.320112364
0.720000000 -8.335173992
0.728000000 -8.350265213
0.736000000 -8.365384527
0.744000000 -8.380530491
0.752000000 -8.395701722
0.760000000 -8.410896895
0.768000000 -8.426114738
0.776000000 -8.441354034
0.784000000 -8.456613620
0.792000000 -8.471892386
0.800000000 -8.487189270
0.808000000 -8.502503261
0.816000000 -8.517833396
0.824000000 -8.533178760
0.832000000 -8.548538482
0.840000000 -8.563911737
0.848000000 -8.579297742
0.856000000 -8.594695757
0.864000000 -8.610105082
0.872000000 -8.625525058
0.880000000 -8.640955063
0.888000000 -8.656394514
0.896000000 -8.671842861
0.904000000 -8.687299593
0.912000000 -8.702764229
0.920000000 -8.718236324
0.928000000 -8.733715462
0.936000000 -8.749201259
0.944000000 -8.764693360
0.952000000 -8.780191438
0.960000000 -8.795695195
0.968000000 -8.811204357
0.976000000 -8.826718677
0.984000000 -8.842237933
0.992000000 -8.857761924
1.000000000 -8.873290474
1.008000000 -8.888823427
1.016000000 -8.904360650
1.024000000 -8.919902028
1.032000000 -8.935447464
1.040000000 -8.950996884
1.048000000 -8.966550226
1.056000000 -8.982107447
1.064000000 -8.997668522
1.072000000 -9.013233437
1.080000000 -9.028802196
1.088000000 -9.044374815
1.096000000 -9.059951325
1.104000000 -9.075531766
1.112000000 -9.091116194
1.120000000 -9.106704673
1.128000000 -9.122297279
1.136000000 -9.137894098
1.144000000 -9.153495226
1.152000000 -9.169100767
1.160000000 -9.184710833
1.168000000 -9.200325545
1.176000000 -9.215945032
1.184000000 -9.231569428
1.192000000 -9.247198875
1.200000000 -9.262833520
1.208000000 -9.278473517
1.216000000 -9.294119023
1.224000000 -9.309770202
1.232000000 -9.325427222
1.240000000 -9.341090254
1.248000000 -9.356759472
1.256000000 -9.372435057
1.264000000 -9.388117189
1.272000000 -9.403806053
1.280000000 -9.419501835
1.288000000 -9.435204724
1.296000000 -9.450914910
1.304000000 -9.466632587
1.312000000 -9.482357946
1.320000000 -9.498091183
1.328000000 -9.513832492
1.336000000 -9.529582070
1.344000000 -9.545340112
1.352000000 -9.561106815
1.360000000 -9.576882375
1.368000000 -9.592666987
1.376000000 -9.608460847
1.384000000 -9.624264150
1.392000000 -9.640077090
1.400000000 -9.655899859
1.408000000 -9.671732650
1.416000000 -9.687575653
1.424000000 -9.703429058
1.432000000 -9.719293052
1.440000000 -9.735167822
1.448000000 -9.751053551
1.456000000 -9.766950423
1.464000000 -9.782858618
1.472000000 -9.798778314
1.480000000 -9.814709688
1.488000000 -9.830652913
1.496000000 -9.846608161
1.504000000 -9.862575602
1.512000000 -9.878555402
1.520000000 -9.894547725
1.528000000 -9.910552733
1.536000000 -9.926570585
1.544000000 -9.942601437
1.552000000 -9.958645442
1.560000000 -9.974702750
1.568000000 -9.990773509
1.576000000 -10.006857864
1.584000000 -10.022955957
1.592000000 -10.039067925
1.600000000 -10.055193904
1.608000000 -10.071334027
1.616000000 -10.087488424
1.624000000 -10.103657220
1.632000000 -10.119840538
1.640000000 -10.136038499
1.648000000 -10.152251219
1.656000000 -10.168478812
1.664000000 -10.184721388
1.672000000 -10.200979054
1.680000000 -10.217251915
1.688000000 -10.233540070
1.696000000 -10.249843617
1.704000000 -10.266162651
1.712000000 -10.282497262
1.720000000 -10.298847538
1.728000000 -10.315213565
1.736000000 -10.331595422
1.744000000 -10.347993188
1.752000000 -10.364406938
1.760000000 -10.380836743
1.768000000 -10.397282673
1.776000000 -10.413744792
1.784000000 -10.430223162
1.792000000 -10.446717843
1.800000000 -10.463228890
1.808000000 -10.479756356
1.816000000 -10.496300290
1.824000000 -10.512860740
1.832000000 -10.529437748
1.840000000 -10.546031354
1.848000000 -10.562641597
1.856000000 -10.579268511
1.864000000 -10.595912126
1.872000000 -10.612572472
1.880000000 -10.629249573
1.888000000 -10.645943452
1.896000000 -10.662654128
1.904000000 -10.679381619
1.912000000 -10.696125938
1.920000000 -10.712887097
1.928000000 -10.729665102
1.936000000 -10.746459960
1.944000000 -10.763271674
1.952000000 -10.780100243
1.960000000 -10.796945664
1.968000000 -10.813807932
1.976000000 -10.830687039
1.984000000 -10.847582973
1.992000000 -10.864495722
2.000000000 -10.881425270
2.008000000 -10.898371598
2.016000000 -10.915334685
2.024000000 -10.932314507
2.032000000 -10.949311039
2.040000000 -10.966324252
2.048000000 -10.983354115
2.056000000 -11.000400595
2.064000000 -11.017463656
2.072000000 -11.034543260
2.080000000 -11.051639367
2.088000000 -11.068751935
2.096000000 -11.085880919
2.104000000 -11.103026271
2.112000000 -11.120187943
2.120000000 -11.137365883
2.128000000 -11.154560037
2.136000000 -11.171770351
2.144000000 -11.188996766
2.152000000 -11.206239222
2.160000000 -11.223497659
2.168000000 -11.240772011
2.176000000 -11.258062213
2.184000000 -11.275368197
2.192000000 -11.292689895
2.200000000 -11.310027233
2.208000000 -11.327380139
2.216000000 -11.344748538
2.224000000 -11.362132352
2.232000000 -11.379531502
2.240000000 -11.396945909
2.248000000 -11.414375488
2.256000000 -11.431820157
2.264000000 -11.449279829
2.272000000 -11.466754417
2.280000000 -11.484243832
2.288000000 -11.501747984
2.296000000 -11.519266778
2.304000000 -11.536800123
2.312000000 -11.554347922
2.320000000 -11.571910079
2.328000000 -11.589486494
2.336000000 -11.607077068
2.344000000 -11.624681700
2.352000000 -11.642300287
2.360000000 -11.659932725
2.368000000 -11.677578908
2.376000000 -11.695238728
2.384000000 -11.712912079
2.392000000 -11.730598850
2.400000000 -11.748298930
2.408000000 -11.766012207
2.416000000 -11.783738569
2.424000000 -11.801477899
2.432000000 -11.819230084
2.440000000 -11.836995004
2.448000000 -11.854772543
2.456000000 -11.872562581
2.464000000 -11.890364998
2.472000000 -11.908179672
2.480000000 -11.926006481
2.488000000 -11.943845301
2.496000000 -11.961696007
2.504000000 -11.979558474
2.512000000 -11.997432575
2.520000000 -12.015318183
2.528000000 -12.033215168
2.536000000 -12.051123402
2.544000000 -12.069042754
2.552000000 -12.086973093
2.560000000 -12.104914286
2.568000000 -12.122866201
2.576000000 -12.140828702
2.584000000 -12.158801657
2.592000000 -12.176784929
2.600000000 -12.194778381
2.608000000 -12.212781877
2.616000000 -12.230795279
2.624000000 -12.248818449
2.632000000 -12.266851246
2.640000000 -12.284893531
2.648000000 -12.302945163
2.656000000 -12.321006001
2.664000000 -12.339075903
2.672000000 -12.357154726
2.680000000 -12.375242327
2.688000000 -12.393338561
2.696000000 -12.411443285
2.704000000 -12.429556353
2.712000000 -12.447677620
2.720000000 -12.465806940
2.728000000 -12.483944165
2.736000000 -12.502089149
2.744000000 -12.520241743
2.752000000 -12.538401801
2.760000000 -12.556569172
2.768000000 -12.574743708
2.776000000 -12.592925259
2.784000000 -12.611113676
2.792000000 -12.629308807
2.800000000 -12.647510502
2.808000000 -12.665718611
2.816000000 -12.683932980
2.824000000 -12.702153458
2.832000000 -12.720379894
2.840000000 -12.738612133
2.848000000 -12.756850024
2.856000000 -12.775093413
2.864000000 -12.793342146
2.872000000 -12.811596070
2.880000000 -12.829855030
2.888000000 -12.848118873
2.896000000 -12.866387442
2.904000000 -12.884660584
2.912000000 -12.902938144
2.920000000 -12.921219965
2.928000000 -12.939505893
2.936000000 -12.957795771
2.944000000 -12.976089444
2.952000000 -12.994386756
2.960000000 -13.012687550
2.968000000 -13.030991670
2.976000000 -13.049298960
2.984000000 -13.067609262
2.992000000 -13.085922421
3.000000000 -13.104238278
3.008000000 -13.122556677
3.016000000 -13.140877461
3.024000000 -13.159200473
3.032000000 -13.177525555
3.040000000 -13.195852551
3.048000000 -13.214181302
3.056000000 -13.232511652
3.064000000 -13.250843442
3.072000000 -13.269176516
3.080000000 -13.287510716
3.088000000 -13.305845884
3.096000000 -13.324181863
3.104000000 -13.342518496
3.112000000 -13.360855624
3.120000000 -13.379193091
3.128000000 -13.397530740
3.136000000 -13.415868412
3.144000000 -13.434205951
3.152000000 -13.452543199
3.160000000 -13.470879999
3.168000000 -13.489216194
3.176000000 -13.507551627
3.184000000 -13.525886141
3.192000000 -13.544219579
3.200000000 -13.562551785
3.208000000 -13.580882601
3.216000000 -13.599211872
3.224000000 -13.617539441
3.232000000 -13.635865152
3.240000000 -13.654188849
3.248000000 -13.672510375
3.256000000 -13.690829575
3.264000000 -13.709146294
3.272000000 -13.727460376
3.280000000 -13.745771665
3.288000000 -13.764080007
3.296000000 -13.782385247
3.304000000 -13.800687229
3.312000000 -13.818985800
3.320000000 -13.837280805
3.328000000 -13.855572090
3.336000000 -13.873859501
3.344000000 -13.892142884
3.352000000 -13.910422087
3.360000000 -13.928696955
3.368000000 -13.946967336
3.376000000 -13.965233077
3.384000000 -13.983494026
3.392000000 -14.001750030
3.400000000 -14.020000938
3.408000000 -14.038246598
3.416000000 -14.056486858
3.424000000 -14.074721567
3.432000000 -14.092950574
3.440000000 -14.111173730
3.448000000 -14.129390883
3.456000000 -14.147601884
3.464000000 -14.165806582
3.472000000 -14.184004830
3.480000000 -14.202196476
3.488000000 -14.220381373
3.496000000 -14.238559373
3.504000000 -14.256730327
3.512000000 -14.274894087
3.520000000 -14.293050506
3.528000000 -14.311199437
3.536000000 -14.329340733
3.544000000 -14.347474247
3.552000000 -14.365599834
3.560000000 -14.383717347
3.568000000 -14.401826642
3.576000000 -14.419927573
3.584000000 -14.438019996
3.592000000 -14.456103766
3.600000000 -14.474178740
3.608000000 -14.492244773
3.616000000 -14.510301723
3.624000000 -14.528349447
3.632000000 -14.546387802
3.640000000 -14.564416646
3.648000000 -14.582435838
3.656000000 -14.600445237
3.664000000 -14.618444701
3.672000000 -14.636434090
3.680000000 -14.654413264
3.688000000 -14.672382084
3.696000000 -14.690340409
3.704000000 -14.708288102
3.712000000 -14.726225024
3.720000000 -14.744151036
3.728000000 -14.762066001
3.736000000 -14.779969783
3.744000000 -14.797862243
3.752000000 -14.815743246
3.760000000 -14.833612657
3.768000000 -14.851470338
3.776000000 -14.869316156
3.784000000 -14.887149976
3.792000000 -14.904971664
3.800000000 -14.922781085
3.808000000 -14.940578107
3.816000000 -14.958362596
3.824000000 -14.976134421
3.832000000 -14.993893449
3.840000000 -15.011639548
3.848000000 -15.029372589
3.856000000 -15.047092439
3.864000000 -15.064798969
3.872000000 -15.082492050
3.880000000 -15.100171551
3.888000000 -15.117837345
3.896000000 -15.135489302
3.904000000 -15.153127296
3.912000000 -15.170751198
3.920000000 -15.188360881
3.928000000 -15.205956220
3.936000000 -15.223537088
3.944000000 -15.241103360
3.952000000 -15.258654910
3.960000000 -15.276191615
3.968000000 -15.293713349
3.976000000 -15.311219990
3.984000000 -15.328711414
3.992000000 -15.346187498
4.000000000 -15.363648120
4.008000000 -15.381093159
4.016000000 -15.398522494
4.024000000 -15.415936003
4.032000000 -15.433333567
4.040000000 -15.450715065
4.048000000 -15.468080378
4.056000000 -15.485429388
4.064000000 -15.502761976
4.072000000 -15.520078024
4.080000000 -15.537377416
4.088000000 -15.554660033
4.096000000 -15.571925760
4.104000000 -15.589174482
4.112000000 -15.606406082
4.120000000 -15.623620445
4.128000000 -15.640817458
4.136000000 -15.657997006
4.144000000 -15.675158977
4.152000000 -15.692303256
4.160000000 -15.709429732
4.168000000 -15.726538293
4.176000000 -15.743628828
4.184000000 -15.760701225
4.192000000 -15.777755374
4.200000000 -15.794791165
4.208000000 -15.811808489
4.216000000 -15.828807237
4.224000000 -15.845787300
4.232000000 -15.862748571
4.240000000 -15.879690942
4.248000000 -15.896614306
4.256000000 -15.913518557
4.264000000 -15.930403589
4.272000000 -15.947269296
4.280000000 -15.964115574
4.288000000 -15.980942318
4.296000000 -15.997749424
4.304000000 -16.014536789
4.312000000 -16.031304310
4.320000000 -16.048051884
4.328000000 -16.064779410
4.336000000 -16.081486786
4.344000000 -16.098173911
4.352000000 -16.114840685
4.360000000 -16.131487008
4.368000000 -16.148112781
4.376000000 -16.164717904
4.384000000 -16.181302280
4.392000000 -16.197865810
4.400000000 -16.214408396
4.408000000 -16.230929943
4.416000000 -16.247430354
4.424000000 -16.263909532
4.432000000 -16.280367382
4.440000000 -16.296803810
4.448000000 -16.313218721
4.456000000 -16.329612021
4.464000000 -16.345983617
4.472000000 -16.362333416
4.480000000 -16.378661325
4.488000000 -16.394967252
4.496000000 -16.411251107
4.504000000 -16.427512797
4.512000000 -16.443752233
4.520000000 -16.459969325
4.528000000 -16.476163983
4.536000000 -16.492336119
4.544000000 -16.508485643
4.552000000 -16.524612468
4.560000000 -16.540716507
4.568000000 -16.556797672
4.576000000 -16.572855877
4.584000000 -16.588891035
4.592000000 -16.604903063
4.600000000 -16.620891873
4.608000000 -16.636857383
4.616000000 -16.652799507
4.624000000 -16.668718163
4.632000000 -16.684613267
4.640000000 -16.700484736
4.648000000 -16.716332489
4.656000000 -16.732156443
4.664000000 -16.747956519
4.672000000 -16.763732634
4.680000000 -16.779484710
4.688000000 -16.795212665
4.696000000 -16.810916421
4.704000000 -16.826595900
4.712000000 -16.842251023
4.720000000 -16.857881712
4.728000000 -16.873487889
4.736000000 -16.889069479
4.744000000 -16.904626405
4.752000000 -16.920158590
4.760000000 -16.935665960
4.768000000 -16.951148439
4.776000000 -16.966605953
4.784000000 -16.982038428
4.792000000 -16.997445791
4.800000000 -17.012827969
4.808000000 -17.028184888
4.816000000 -17.043516477
4.824000000 -17.058822663
4.832000000 -17.074103377
4.840000000 -17.089358547
4.848000000 -17.104588103
4.856000000 -17.119791975
4.864000000 -17.134970094
4.872000000 -17.150122391
4.880000000 -17.165248797
4.888000000 -17.180349245
4.896000000 -17.195423666
4.904000000 -17.210471995
4.912000000 -17.225494163
4.920000000 -17.240490106
4.928000000 -17.255459758
4.936000000 -17.270403052
4.944000000 -17.285319925
4.952000000 -17.300210312
4.960000000 -17.315074149
4.968000000 -17.329911373
4.976000000 -17.344721921
4.984000000 -17.359505729
4.992000000 -17.374262737
5.000000000 -17.388992882
5.008000000 -17.403696103
5.016000000 -17.418372339
5.024000000 -17.433021530
5.032000000 -17.447643616
5.040000000 -17.462238537
5.048000000 -17.476806235
5.056000000 -17.491346651
5.064000000 -17.505859726
5.072000000 -17.520345403
5.080000000 -17.534803624
5.088000000 -17.549234333
5.096000000 -17.563637473
5.104000000 -17.578012988
5.112000000 -17.592360823
5.120000000 -17.606680921
5.128000000 -17.620973229
5.136000000 -17.635237692
5.144000000 -17.649474256
5.152000000 -17.663682868
5.160000000 -17.677863474
5.168000000 -17.692016022
5.176000000 -17.706140459
5.184000000 -17.720236734
5.192000000 -17.734304794
5.200000000 -17.748344590
5.208000000 -17.762356071
5.216000000 -17.776339186
5.224000000 -17.790293885
5.232000000 -17.804220119
5.240000000 -17.818117839
5.248000000 -17.831986996
5.256000000 -17.845827543
5.264000000 -17.859639430
5.272000000 -17.873422612
5.280000000 -17.887177041
5.288000000 -17.900902670
5.296000000 -17.914599453
5.304000000 -17.928267344
5.312000000 -17.941906298
5.320000000 -17.955516269
5.328000000 -17.969097214
5.336000000 -17.982649088
5.344000000 -17.996171846
5.352000000 -18.009665446
5.360000000 -18.023129844
5.368000000 -18.036564998
5.376000000 -18.049970865
5.384000000 -18.063347403
5.392000000 -18.076694571
5.400000000 -18.090012327
5.408000000 -18.103300631
5.416000000 -18.116559442
5.424000000 -18.129788720
5.432000000 -18.142988425
5.440000000 -18.156158518
5.448000000 -18.169298960
5.456000000 -18.182409713
5.464000000 -18.195490737
5.472000000 -18.208541996
5.480000000 -18.221563451
5.488000000 -18.234555066
5.496000000 -18.247516803
5.504000000 -18.260448627
5.512000000 -18.273350500
5.520000000 -18.286222389
5.528000000 -18.299064256
5.536000000 -18.311876067
5.544000000 -18.324657788
5.552000000 -18.337409383
5.560000000 -18.350130820
5.568000000 -18.362822064
5.576000000 -18.375483083
5.584000000 -18.388113842
5.592000000 -18.400714310
5.600000000 -18.413284455
5.608000000 -18.425824244
5.616000000 -18.438333646
5.624000000 -18.450812630
5.632000000 -18.463261164
5.640000000 -18.475679219
5.648000000 -18.488066764
5.656000000 -18.500423769
5.664000000 -18.512750205
5.672000000 -18.525046042
5.680000000 -18.537311251
5.688000000 -18.549545805
5.696000000 -18.561749674
5.704000000 -18.573922831
5.712000000 -18.586065248
5.720000000 -18.598176898
5.728000000 -18.610257754
5.736000000 -18.622307789
5.744000000 -18.634326977
5.752000000 -18.646315292
5.760000000 -18.658272709
5.768000000 -18.670199201
5.776000000 -18.682094744
5.784000000 -18.693959314
5.792000000 -18.705792885
5.800000000 -18.717595433
5.808000000 -18.729366935
5.816000000 -18.741107368
5.824000000 -18.752816707
5.832000000 -18.764494931
5.840000000 -18.776142016
5.848000000 -18.787757940
5.856000000 -18.799342681
5.864000000 -18.810896218
5.872000000 -18.822418529
5.880000000 -18.833909593
5.888000000 -18.845369388
5.896000000 -18.856797895
5.904000000 -18.868195094
5.912000000 -18.879560963
5.920000000 -18.890895485
5.928000000 -18.902198638
5.936000000 -18.913470405
5.944000000 -18.924710766
5.952000000 -18.935919702
5.960000000 -18.947097196
5.968000000 -18.958243230
5.976000000 -18.969357786
5.984000000 -18.980440846
5.992000000 -18.991492393
6.000000000 -19.002512411
6.008000000 -19.013500882
6.016000000 -19.024457791
6.024000000 -19.035383122
6.032000000 -19.046276858
6.040000000 -19.057138984
6.048000000 -19.067969485
6.056000000 -19.078768346
6.064000000 -19.089535552
6.072000000 -19.100271089
6.080000000 -19.110974942
6.088000000 -19.121647098
6.096000000 -19.132287543
6.104000000 -19.142896264
6.112000000 -19.153473247
6.120000000 -19.164018479
6.128000000 -19.174531948
6.136000000 -19.185013641
6.144000000 -19.195463547
6.152000000 -19.205881652
6.160000000 -19.216267947
6.168000000 -19.226622419
6.176000000 -19.236945057
6.184000000 -19.247235850
6.192000000 -19.257494787
6.200000000 -19.267721859
6.208000000 -19.277917055
6.216000000 -19.288080364
6.224000000 -19.298211778
6.232000000 -19.308311287
6.240000000 -19.318378881
6.248000000 -19.328414551
6.256000000 -19.338418290
6.264000000 -19.348390088
6.272000000 -19.358329936
6.280000000 -19.368237828
6.288000000 -19.378113755
6.296000000 -19.387957709
6.304000000 -19.397769683
6.312000000 -19.407549670
6.320000000 -19.417297663
6.328000000 -19.427013655
6.336000000 -19.436697640
6.344000000 -19.446349611
6.352000000 -19.455969563
6.360000000 -19.465557490
6.368000000 -19.475113385
6.376000000 -19.484637244
6.384000000 -19.494129061
6.392000000 -19.503588831
6.400000000 -19.513016551
6.408000000 -19.522412214
6.416000000 -19.531775817
6.424000000 -19.541107356
6.432000000 -19.550406826
6.440000000 -19.559674224
6.448000000 -19.568909547
6.456000000 -19.578112790
6.464000000 -19.587283952
6.472000000 -19.596423029
6.480000000 -19.605530018
6.488000000 -19.614604917
6.496000000 -19.623647724
6.504000000 -19.632658436
6.512000000 -19.641637052
6.520000000 -19.650583570
6.528000000 -19.659497988
6.536000000 -19.668380305
6.544000000 -19.677230520
6.552000000 -19.686048631
6.560000000 -19.694834639
6.568000000 -19.703588543
6.576000000 -19.712310341
6.584000000 -19.721000035
6.592000000 -19.729657623
6.600000000 -19.738283107
6.608000000 -19.746876486
6.616000000 -19.755437761
6.624000000 -19.763966933
6.632000000 -19.772464003
6.640000000 -19.780928971
6.648000000 -19.789361840
6.656000000 -19.797762609
6.664000000 -19.806131282
6.672000000 -19.814467859
6.680000000 -19.822772344
6.688000000 -19.831044737
6.696000000 -19.839285041
6.704000000 -19.847493259
6.712000000 -19.855669393
6.720000000 -19.863813446
6.728000000 -19.871925421
6.736000000 -19.880005322
6.744000000 -19.888053151
6.752000000 -19.896068912
6.760000000 -19.904052608
6.768000000 -19.912004244
6.776000000 -19.919923823
6.784000000 -19.927811349
6.792000000 -19.935666827
6.800000000 -19.943490262
6.808000000 -19.951281657
6.816000000 -19.959041017
6.824000000 -19.966768348
6.832000000 -19.974463655
6.840000000 -19.982126941
6.848000000 -19.989758214
6.856000000 -19.997357479
6.864000000 -20.004924740
6.872000000 -20.012460005
6.880000000 -20.019963278
6.888000000 -20.027434566
6.896000000 -20.034873876
6.904000000 -20.042281213
6.912000000 -20.049656585
6.920000000 -20.056999997
6.928000000 -20.064311457
6.936000000 -20.071590972
6.944000000 -20.078838549
6.952000000 -20.086054195
6.960000000 -20.093237917
6.968000000 -20.100389723
6.976000000 -20.107509620
6.984000000 -20.114597618
6.992000000 -20.121653722
7.000000000 -20.128677942
7.008000000 -20.135670286
7.016000000 -20.142630761
7.024000000 -20.149559377
7.032000000 -20.156456142
7.040000000 -20.163321065
7.048000000 -20.170154154
7.056000000 -20.176955420
7.064000000 -20.183724869
7.072000000 -20.190462513
7.080000000 -20.197168360
7.088000000 -20.203842420
7.096000000 -20.210484703
7.104000000 -20.217095217
7.112000000 -20.223673974
7.120000000 -20.230220982
7.128000000 -20.236736253
7.136000000 -20.243219796
7.144000000 -20.249671622
7.152000000 -20.256091741
7.160000000 -20.262480164
7.168000000 -20.268836901
7.176000000 -20.275161963
7.184000000 -20.281455362
7.192000000 -20.287717107
7.200000000 -20.293947211
7.208000000 -20.300145685
7.216000000 -20.306312540
7.224000000 -20.312447787
7.232000000 -20.318551438
7.240000000 -20.324623504
7.248000000 -20.330663999
7.256000000 -20.336672933
7.264000000 -20.342650318
7.272000000 -20.348596167
7.280000000 -20.354510492
7.288000000 -20.360393305
7.296000000 -20.366244618
7.304000000 -20.372064445
7.312000000 -20.377852798
7.320000000 -20.383609689
7.328000000 -20.389335132
7.336000000 -20.395029139
7.344000000 -20.400691723
7.352000000 -20.406322898
7.360000000 -20.411922677
7.368000000 -20.417491073
7.376000000 -20.423028100
7.384000000 -20.428533771
7.392000000 -20.434008099
7.400000000 -20.439451100
7.408000000 -20.444862785
7.416000000 -20.450243169
7.424000000 -20.455592267
7.432000000 -20.460910092
7.440000000 -20.466196659
7.448000000 -20.471451981
7.456000000 -20.476676074
7.464000000 -20.481868951
7.472000000 -20.487030627
7.480000000 -20.492161116
7.488000000 -20.497260434
7.496000000 -20.502328596
7.504000000 -20.507365615
7.512000000 -20.512371507
7.520000000 -20.517346288
7.528000000 -20.522289972
7.536000000 -20.527202574
7.544000000 -20.532084109
7.552000000 -20.536934594
7.560000000 -20.541754044
7.568000000 -20.546542473
7.576000000 -20.551299898
7.584000000 -20.556026334
7.592000000 -20.560721798
7.600000000 -20.565386304
7.608000000 -20.570019870
7.616000000 -20.574622510
7.624000000 -20.579194241
7.632000000 -20.583735079
7.640000000 -20.588245040
7.648000000 -20.592724141
7.656000000 -20.597172398
7.664000000 -20.601589827
7.672000000 -20.605976445
7.680000000 -20.610332268
7.688000000 -20.614657314
7.696000000 -20.618951598
7.704000000 -20.623215138
7.712000000 -20.627447950
7.720000000 -20.631650051
7.728000000 -20.635821459
7.736000000 -20.639962190
7.744000000 -20.644072261
7.752000000 -20.648151691
7.760000000 -20.652200495
7.768000000 -20.656218691
7.776000000 -20.660206296
7.784000000 -20.664163329
7.792000000 -20.668089806
7.800000000 -20.671985745
7.808000000 -20.675851164
7.816000000 -20.679686080
7.824000000 -20.683490511
7.832000000 -20.687264475
7.840000000 -20.691007990
7.848000000 -20.694721073
7.856000000 -20.698403743
7.864000000 -20.702056018
7.872000000 -20.705677915
7.880000000 -20.709269453
7.888000000 -20.712830650
7.896000000 -20.716361524
7.904000000 -20.719862094
7.912000000 -20.723332378
7.920000000 -20.726772394
7.928000000 -20.730182161
7.936000000 -20.733561698
7.944000000 -20.736911022
7.952000000 -20.740230153
7.960000000 -20.743519109
7.968000000 -20.746777909
7.976000000 -20.750006571
7.984000000 -20.753205115
7.992000000 -20.756373560
8.000000000 -20.759511923
8.008000000 -20.762620226
8.016000000 -20.765698485
8.024000000 -20.768746720
8.032000000 -20.771764951
8.040000000 -20.774753197
8.048000000 -20.777711476
8.056000000 -20.780639809
8.064000000 -20.783538213
8.072000000 -20.786406710
8.080000000 -20.789245317
8.088000000 -20.792054055
8.096000000 -20.794832942
8.104000000 -20.797581999
8.112000000 -20.800301245
8.120000000 -20.802990699
8.128000000 -20.805650381
8.136000000 -20.808280312
8.144000000 -20.810880509
8.152000000 -20.813450994
8.160000000 -20.815991786
8.168000000 -20.818502904
8.176000000 -20.820984369
8.184000000 -20.823436201
8.192000000 -20.825858419
8.200000000 -20.828251044
8.208000000 -20.830614095
8.216000000 -20.832947592
8.224000000 -20.835251556
8.232000000 -20.837526007
8.240000000 -20.839770964
8.248000000 -20.841986449
8.256000000 -20.844172480
8.264000000 -20.846329079
8.272000000 -20.848456266
8.280000000 -20.850554061
8.288000000 -20.852622484
8.296000000 -20.854661556
8.304000000 -20.856671296
8.312000000 -20.858651727
8.320000000 -20.860602867
8.328000000 -20.862524738
8.336000000 -20.864417360
8.344000000 -20.866280753
8.352000000 -20.868114938
8.360000000 -20.869919937
8.368000000 -20.871695768
8.376000000 -20.873442454
8.384000000 -20.875160014
8.392000000 -20.876848470
8.400000000 -20.878507842
8.408000000 -20.880138151
8.416000000 -20.881739417
8.424000000 -20.883311663
8.432000000 -20.884854907
8.440000000 -20.886369172
8.448000000 -20.887854478
8.456000000 -20.889310846
8.464000000 -20.890738297
8.472000000 -20.892136852
8.480000000 -20.893506532
8.488000000 -20.894847358
8.496000000 -20.896159351
8.504000000 -20.897442532
8.512000000 -20.898696923
8.520000000 -20.899922543
8.528000000 -20.901119415
8.536000000 -20.902287559
8.544000000 -20.903426997
8.552000000 -20.904537749
8.560000000 -20.905619838
8.568000000 -20.906673283
8.576000000 -20.907698108
8.584000000 -20.908694331
8.592000000 -20.909661976
8.600000000 -20.910601063
8.608000000 -20.911511614
8.616000000 -20.912393649
8.624000000 -20.913247190
8.632000000 -20.914072259
8.640000000 -20.914868877
8.648000000 -20.915637065
8.656000000 -20.916376845
8.664000000 -20.917088238
8.672000000 -20.917771265
8.680000000 -20.918425949
8.688000000 -20.919052309
8.696000000 -20.919650369
8.704000000 -20.920220149
8.712000000 -20.920761671
8.720000000 -20.921274956
8.728000000 -20.921760026
8.736000000 -20.922216902
8.744000000 -20.922645607
8.752000000 -20.923046161
8.760000000 -20.923418586
8.768000000 -20.923762904
8.776000000 -20.924079135
8.784000000 -20.924367303
8.792000000 -20.924627429
8.800000000 -20.924859533
8.808000000 -20.925063638
8.816000000 -20.925239766
8.824000000 -20.925387937
8.832000000 -20.925508174
8.840000000 -20.925600499
8.848000000 -20.925664932
8.856000000 -20.925701496
8.864000000 -20.925710213
8.872000000 -20.925691104
8.880000000 -20.925644190
8.888000000 -20.925569495
8.896000000 -20.925467038
8.904000000 -20.925336842
8.912000000 -20.925178929
8.920000000 -20.924993321
8.928000000 -20.924780038
8.936000000 -20.924539104
8.944000000 -20.924270539
8.952000000 -20.923974366
8.960000000 -20.923650606
8.968000000 -20.923299281
8.976000000 -20.922920413
8.984000000 -20.922514024
8.992000000 -20.922080134
9.000000000 -20.921618767
9.008000000 -20.921129944
9.016000000 -20.920613687
9.024000000 -20.920070017
9.032000000 -20.919498956
9.040000000 -20.918900527
9.048000000 -20.918274750
9.056000000 -20.917621649
9.064000000 -20.916941243
9.072000000 -20.916233556
9.080000000 -20.915498610
9.088000000 -20.914736425
9.096000000 -20.913947024
9.104000000 -20.913130429
9.112000000 -20.912286661
9.120000000 -20.911415743
9.128000000 -20.910517695
9.136000000 -20.909592540
9.144000000 -20.908640301
9.152000000 -20.907660997
9.160000000 -20.906654652
9.168000000 -20.905621287
9.176000000 -20.904560924
9.184000000 -20.903473585
9.192000000 -20.902359291
9.200000000 -20.901218065
9.208000000 -20.900049928
9.216000000 -20.898854902
9.224000000 -20.897633008
9.232000000 -20.896384270
9.240000000 -20.895108707
9.248000000 -20.893806343
9.256000000 -20.892477199
9.264000000 -20.891121297
9.272000000 -20.889738658
9.280000000 -20.888329304
9.288000000 -20.886893258
9.296000000 -20.885430540
9.304000000 -20.883941173
9.312000000 -20.882425178
9.320000000 -20.880882578
9.328000000 -20.879313393
9.336000000 -20.877717646
9.344000000 -20.876095359
9.352000000 -20.874446553
9.360000000 -20.872771249
9.368000000 -20.871069470
9.376000000 -20.869341238
9.384000000 -20.867586573
9.392000000 -20.865805498
9.400000000 -20.863998035
9.408000000 -20.862164205
9.416000000 -20.860304030
9.424000000 -20.858417531
9.432000000 -20.856504730
9.440000000 -20.854565649
9.448000000 -20.852600310
9.456000000 -20.850608734
9.464000000 -20.848590943
9.472000000 -20.846546958
9.480000000 -20.844476802
9.488000000 -20.842380495
9.496000000 -20.840258059
9.504000000 -20.838109517
9.512000000 -20.835934889
9.520000000 -20.833734197
9.528000000 -20.831507463
9.536000000 -20.829254708
9.544000000 -20.826975954
9.552000000 -20.824671222
9.560000000 -20.822340535
9.568000000 -20.819983913
9.576000000 -20.817601378
9.584000000 -20.815192951
9.592000000 -20.812758655
9.600000000 -20.810298510
9.608000000 -20.807812538
9.616000000 -20.805300761
9.624000000 -20.802763199
9.632000000 -20.800199875
9.640000000 -20.797610810
9.648000000 -20.794996026
9.656000000 -20.792355543
9.664000000 -20.789689383
9.672000000 -20.786997567
9.680000000 -20.784280118
9.688000000 -20.781537056
9.696000000 -20.778768403
9.704000000 -20.775974179
9.712000000 -20.773154407
9.720000000 -20.770309108
9.728000000 -20.767438303
9.736000000 -20.764542013
9.744000000 -20.761620260
9.752000000 -20.758673065
9.760000000 -20.755700449
9.768000000 -20.752702433
9.776000000 -20.749679039
9.784000000 -20.746630288
9.792000000 -20.743556201
9.800000000 -20.740456800
9.808000000 -20.737332105
9.816000000 -20.734182138
9.824000000 -20.731006919
9.832000000 -20.727806471
9.840000000 -20.724580814
9.848000000 -20.721329969
9.856000000 -20.718053958
9.864000000 -20.714752801
9.872000000 -20.711426520
9.880000000 -20.708075135
9.888000000 -20.704698669
9.896000000 -20.701297141
9.904000000 -20.697870572
9.912000000 -20.694418985
9.920000000 -20.690942399
9.928000000 -20.687440836
9.936000000 -20.683914317
9.944000000 -20.680362863
9.952000000 -20.676786494
9.960000000 -20.673185232
9.968000000 -20.669559098
9.976000000 -20.665908111
9.984000000 -20.662232294
9.992000000 -20.658531668
10.000000000 -20.654806252
10.008000000 -20.651056068
10.016000000 -20.647281136
10.024000000 -20.643481478
10.032000000 -20.639657114
10.040000000 -20.635808065
10.048000000 -20.631934352
10.056000000 -20.628035996
10.064000000 -20.624113016
10.072000000 -20.620165434
10.080000000 -20.616193271
10.088000000 -20.612196548
10.096000000 -20.608175284
10.104000000 -20.604129500
10.112000000 -20.600059218
10.120000000 -20.595964458
10.128000000 -20.591845240
10.136000000 -20.587701584
10.144000000 -20.583533513
10.152000000 -20.579341045
10.160000000 -20.575124202
10.168000000 -20.570883004
10.176000000 -20.566617471
10.184000000 -20.562327625
10.192000000 -20.558013485
10.200000000 -20.553675071
10.208000000 -20.549312405
10.216000000 -20.544925507
10.224000000 -20.540514397
10.232000000 -20.536079095
10.240000000 -20.531619622
10.248000000 -20.527135998
10.256000000 -20.522628244
10.264000000 -20.518096379
10.272000000 -20.513540424
10.280000000 -20.508960400
10.288000000 -20.504356326
10.296000000 -20.499728223
10.304000000 -20.495076110
10.312000000 -20.490400009
10.320000000 -20.485699939
10.328000000 -20.480975920
10.336000000 -20.476227973
10.344000000 -20.471456118
10.352000000 -20.466660374
10.360000000 -20.461840762
10.368000000 -20.456997302
10.376000000 -20.452130014
10.384000000 -20.447238917
10.392000000 -20.442324033
10.400000000 -20.437385381
10.408000000 -20.432422980
10.416000000 -20.427436851
10.424000000 -20.422427014
10.432000000 -20.417393488
10.440000000 -20.412336294
10.448000000 -20.407255452
10.456000000 -20.402150980
10.464000000 -20.397022900
10.472000000 -20.391871230
10.480000000 -20.386695991
10.488000000 -20.381497203
10.496000000 -20.376274884
10.504000000 -20.371029056
10.512000000 -20.365759737
10.520000000 -20.360466947
10.528000000 -20.355150706
10.536000000 -20.349811034
10.544000000 -20.344447950
10.552000000 -20.339061474
10.560000000 -20.333651626
10.568000000 -20.328218424
10.576000000 -20.322761889
10.584000000 -20.317282040
10.592000000 -20.311778896
10.600000000 -20.306252478
10.608000000 -20.300702804
10.616000000 -20.295129894
10.624000000 -20.289533768
10.632000000 -20.283914445
10.640000000 -20.278271943
10.648000000 -20.272606284
10.656000000 -20.266917485
10.664000000 -20.261205567
10.672000000 -20.255470548
10.680000000 -20.249712448
10.688000000 -20.243931287
10.696000000 -20.238127082
10.704000000 -20.232299855
10.712000000 -20.226449623
10.720000000 -20.220576407
10.728000000 -20.214680224
10.736000000 -20.208761095
10.744000000 -20.202819039
10.752000000 -20.196854074
10.760000000 -20.190866220
10.768000000 -20.184855495
10.776000000 -20.178821920
10.784000000 -20.172765512
10.792000000 -20.166686291
10.800000000 -20.160584276
10.808000000 -20.154459485
10.816000000 -20.148311939
10.824000000 -20.142141655
10.832000000 -20.135948652
10.840000000 -20.129732951
10.848000000 -20.123494568
10.856000000 -20.117233523
10.864000000 -20.110949836
10.872000000 -20.104643524
10.880000000 -20.098314607
10.888000000 -20.091963103
10.896000000 -20.085589030
10.904000000 -20.079192409
10.912000000 -20.072773257
10.920000000 -20.066331594
10.928000000 -20.059867436
10.936000000 -20.053380805
10.944000000 -20.046871717
10.952000000 -20.040340192
10.960000000 -20.033786248
10.968000000 -20.027209904
10.976000000 -20.020611177
10.984000000 -20.013990088
10.992000000 -20.007346654
11.000000000 -20.000680893
11.008000000 -19.993992825
11.016000000 -19.987282467
11.024000000 -19.980549838
11.032000000 -19.973794956
11.040000000 -19.967017840
11.048000000 -19.960218508
11.056000000 -19.953396978
11.064000000 -19.946553269
11.072000000 -19.939687398
11.080000000 -19.932799385
11.088000000 -19.925889247
11.096000000 -19.918957002
11.104000000 -19.912002670
11.112000000 -19.905026267
11.120000000 -19.898027812
11.128000000 -19.891007324
11.136000000 -19.883964819
11.144000000 -19.876900317
11.152000000 -19.869813836
11.160000000 -19.862705393
11.168000000 -19.855575006
11.176000000 -19.848422694
11.184000000 -19.841248474
11.192000000 -19.834052364
11.200000000 -19.826834383
11.208000000 -19.819594548
11.216000000 -19.812332878
11.224000000 -19.805049389
11.232000000 -19.797744100
11.240000000 -19.790417029
11.248000000 -19.783068193
11.256000000 -19.775697610
11.264000000 -19.768305299
11.272000000 -19.760891276
11.280000000 -19.753455560
11.288000000 -19.745998167
11.296000000 -19.738519117
11.304000000 -19.731018426
11.312000000 -19.723496113
11.320000000 -19.715952194
11.328000000 -19.708386687
11.336000000 -19.700799611
11.344000000 -19.693190981
11.352000000 -19.685560817
11.360000000 -19.677909135
11.368000000 -19.670235954
11.376000000 -19.662541290
11.384000000 -19.654825160
11.392000000 -19.647087583
11.400000000 -19.639328576
11.408000000 -19.631548156
11.416000000 -19.623746340
11.424000000 -19.615923146
11.432000000 -19.608078591
11.440000000 -19.600212693
11.448000000 -19.592325468
11.456000000 -19.584416934
11.464000000 -19.576487109
11.472000000 -19.568536009
11.480000000 -19.560563651
11.488000000 -19.552570053
11.496000000 -19.544555232
11.504000000 -19.536519206
11.512000000 -19.528461990
11.520000000 -19.520383602
11.528000000 -19.512284060
11.536000000 -19.504163380
11.544000000 -19.496021580
11.552000000 -19.487858675
11.560000000 -19.479674685
11.568000000 -19.471469624
11.576000000 -19.463243511
11.584000000 -19.454996362
11.592000000 -19.446728194
11.600000000 -19.438439023
11.608000000 -19.430128868
11.616000000 -19.421797744
11.624000000 -19.413445669
11.632000000 -19.405072659
11.640000000 -19.396678731
11.648000000 -19.388263901
11.656000000 -19.379828188
11.664000000 -19.371371606
11.672000000 -19.362894173
11.680000000 -19.354395906
11.688000000 -19.345876821
11.696000000 -19.337336935
11.704000000 -19.328776264
11.712000000 -19.320194825
11.720000000 -19.311592635
11.728000000 -19.302969710
11.736000000 -19.294326067
11.744000000 -19.285661721
11.752000000 -19.276976691
11.760000000 -19.268270991
11.768000000 -19.259544639
11.776000000 -19.250797651
11.784000000 -19.242030044
11.792000000 -19.233241833
11.800000000 -19.224433035
11.808000000 -19.215603667
11.816000000 -19.206753744
11.824000000 -19.197883284
11.832000000 -19.188992302
11.840000000 -19.180080814
11.848000000 -19.171148838
11.856000000 -19.162196388
11.864000000 -19.153223482
11.872000000 -19.144230135
11.880000000 -19.135216363
11.888000000 -19.126182184
11.896000000 -19.117127612
11.904000000 -19.108052664
11.912000000 -19.098957356
11.920000000 -19.089841704
11.928000000 -19.080705725
11.936000000 -19.071549433
11.944000000 -19.062372846
11.952000000 -19.053175979
11.960000000 -19.043958847
11.968000000 -19.034721468
11.976000000 -19.025463857
11.984000000 -19.016186029
11.992000000 -19.006888001
12.000000000 -18.997569789
12.008000000 -18.988231408
12.016000000 -18.978872874
12.024000000 -18.969494204
12.032000000 -18.960095412
12.040000000 -18.950676514
12.048000000 -18.941237527
12.056000000 -18.931778466
12.064000000 -18.922299347
12.072000000 -18.912800184
12.080000000 -18.903280995
12.088000000 -18.893741795
12.096000000 -18.884182599
12.104000000 -18.874603423
12.112000000 -18.865004282
12.120000000 -18.855385192
12.128000000 -18.845746169
12.136000000 -18.836087228
12.144000000 -18.826408385
12.152000000 -18.816709654
12.160000000 -18.806991053
12.168000000 -18.797252595
12.176000000 -18.787494297
12.184000000 -18.777716173
12.192000000 -18.767918240
12.200000000 -18.758100513
12.208000000 -18.748263006
12.216000000 -18.738405736
12.224000000 -18.728528717
12.232000000 -18.718631966
12.240000000 -18.708715496
12.248000000 -18.698779324
12.256000000 -18.688823465
12.264000000 -18.678847933
12.272000000 -18.668852745
12.280000000 -18.658837915
12.288000000 -18.648803459
12.296000000 -18.638749391
12.304000000 -18.628675726
12.312000000 -18.618582481
12.320000000 -18.608469670
12.328000000 -18.598337307
12.336000000 -18.588185409
12.344000000 -18.578013989
12.352000000 -18.567823064
12.360000000 -18.557612648
12.368000000 -18.547382756
12.376000000 -18.537133403
12.384000000 -18.526864604
12.392000000 -18.516576374
12.400000000 -18.506268728
12.408000000 -18.495941681
12.416000000 -18.485595247
12.424000000 -18.475229441
12.432000000 -18.464844279
12.440000000 -18.454439775
12.448000000 -18.444015944
12.456000000 -18.433572800
12.464000000 -18.423110359
12.472000000 -18.412628635
12.480000000 -18.402127643
12.488000000 -18.391607397
12.496000000 -18.381067913
12.504000000 -18.370509205
12.512000000 -18.359931288
12.520000000 -18.349334175
12.528000000 -18.338717883
12.536000000 -18.328082425
12.544000000 -18.317427816
12.552000000 -18.306754071
12.560000000 -18.296061204
12.568000000 -18.285349230
12.576000000 -18.274618163
12.584000000 -18.263868018
12.592000000 -18.253098809
12.600000000 -18.242310551
12.608000000 -18.231503258
12.616000000 -18.220676945
12.624000000 -18.209831625
12.632000000 -18.198967314
12.640000000 -18.188084026
12.648000000 -18.177181775
12.656000000 -18.166260576
12.664000000 -18.155320442
12.672000000 -18.144361388
12.680000000 -18.133383429
12.688000000 -18.122386579
12.696000000 -18.111370852
12.704000000 -18.100336261
12.712000000 -18.089282823
12.720000000 -18.078210550
12.728000000 -18.067119457
12.736000000 -18.056009558
12.744000000 -18.044880867
12.752000000 -18.033733398
12.760000000 -18.022567166
12.768000000 -18.011382185
12.776000000 -18.000178469
12.784000000 -17.988956031
12.792000000 -17.977714886
12.800000000 -17.966455048
12.808000000 -17.955176531
12.816000000 -17.943879349
12.824000000 -17.932563516
12.832000000 -17.921229046
12.840000000 -17.909875954
12.848000000 -17.898504251
12.856000000 -17.887113954
12.864000000 -17.875705076
12.872000000 -17.864277630
12.880000000 -17.852831631
12.888000000 -17.841367093
12.896000000 -17.829884029
12.904000000 -17.818382453
12.912000000 -17.806862379
12.920000000 -17.795323821
12.928000000 -17.783766792
12.936000000 -17.772191307
12.944000000 -17.760597380
12.952000000 -17.748985023
12.960000000 -17.737354251
12.968000000 -17.725705077
12.976000000 -17.714037516
12.984000000 -17.702351581
12.992000000 -17.690647285
13.000000000 -17.678924642
13.008000000 -17.667183666
13.016000000 -17.655424371
13.024000000 -17.643646770
13.032000000 -17.631850877
13.040000000 -17.620036705
13.048000000 -17.608204268
13.056000000 -17.596353580
13.064000000 -17.584484654
13.072000000 -17.572597503
13.080000000 -17.560692142
13.088000000 -17.548768583
13.096000000 -17.536826840
13.104000000 -17.524866927
13.112000000 -17.512888857
13.120000000 -17.500892644
13.128000000 -17.488878301
13.136000000 -17.476845841
13.144000000 -17.464795278
13.152000000 -17.452726626
13.160000000 -17.440639897
13.168000000 -17.428535105
13.176000000 -17.416412264
13.184000000 -17.404271386
13.192000000 -17.392112485
13.200000000 -17.379935575
13.208000000 -17.367740669
13.216000000 -17.355527780
13.224000000 -17.343296921
13.232000000 -17.331048105
13.240000000 -17.318781347
13.248000000 -17.306496658
13.256000000 -17.294194053
13.264000000 -17.281873545
13.272000000 -17.269535146
13.280000000 -17.257178870
13.288000000 -17.244804731
13.296000000 -17.232412740
13.304000000 -17.220002912
13.312000000 -17.207575260
13.320000000 -17.195129797
13.328000000 -17.182666535
13.336000000 -17.170185488
13.344000000 -17.157686670
13.352000000 -17.145170092
13.360000000 -17.132635769
13.368000000 -17.120083714
13.376000000 -17.107513938
13.384000000 -17.094926456
13.392000000 -17.082321280
13.400000000 -17.069698424
13.408000000 -17.057057900
13.416000000 -17.044399722
13.424000000 -17.031723902
13.432000000 -17.019030454
13.440000000 -17.006319389
13.448000000 -16.993590722
13.456000000 -16.980844466
13.464000000 -16.968080632
13.472000000 -16.955299235
13.480000000 -16.942500286
13.488000000 -16.929683800
13.496000000 -16.916849788
13.504000000 -16.903998264
13.512000000 -16.891129240
13.520000000 -16.878242729
13.528000000 -16.865338745
13.536000000 -16.852417300
13.544000000 -16.839478406
13.552000000 -16.826522078
13.560000000 -16.813548326
13.568000000 -16.800557165
13.576000000 -16.787548607
13.584000000 -16.774522665
13.592000000 -16.761479351
13.600000000 -16.748418678
13.608000000 -16.735340660
13.616000000 -16.722245308
13.624000000 -16.709132636
13.632000000 -16.696002655
13.640000000 -16.682855380
13.648000000 -16.669690823
13.656000000 -16.656508995
13.664000000 -16.643309911
13.672000000 -16.630093582
13.680000000 -16.616860021
13.688000000 -16.603609242
13.696000000 -16.590341256
13.704000000 -16.577056076
13.712000000 -16.563753715
13.720000000 -16.550434185
13.728000000 -16.537097499
13.736000000 -16.523743670
13.744000000 -16.510372710
13.752000000 -16.496984633
13.760000000 -16.483579449
13.768000000 -16.470157172
13.776000000 -16.456717815
13.784000000 -16.443261390
13.792000000 -16.429787909
13.800000000 -16.416297386
13.808000000 -16.402789832
13.816000000 -16.389265261
13.824000000 -16.375723684
13.832000000 -16.362165114
13.840000000 -16.348589564
13.848000000 -16.334997046
13.856000000 -16.321387573
13.864000000 -16.307761156
13.872000000 -16.294117810
13.880000000 -16.280457545
13.888000000 -16.266780375
13.896000000 -16.253086312
13.904000000 -16.239375369
13.912000000 -16.225647557
13.920000000 -16.211902890
13.928000000 -16.198141379
13.936000000 -16.184363037
13.944000000 -16.170567877
13.952000000 -16.156755911
13.960000000 -16.142927151
13.968000000 -16.129081610
13.976000000 -16.115219300
13.984000000 -16.101340233
13.992000000 -16.087444423
14.000000000 -16.073531880
14.008000000 -16.059602619
14.016000000 -16.045656650
14.024000000 -16.031693987
14.032000000 -16.017714641
14.040000000 -16.003718625
14.048000000 -15.989705952
14.056000000 -15.975676633
14.064000000 -15.961630682
14.072000000 -15.947568110
14.080000000 -15.933488930
14.088000000 -15.919393153
14.096000000 -15.905280793
14.104000000 -15.891151862
14.112000000 -15.877006372
14.120000000 -15.862844335
14.128000000 -15.848665763
14.136000000 -15.834470670
14.144000000 -15.820259066
14.152000000 -15.806030966
14.160000000 -15.791786379
14.168000000 -15.777525320
14.176000000 -15.763247801
14.184000000 -15.748953833
14.192000000 -15.734643429
14.200000000 -15.720316601
14.208000000 -15.705973361
14.216000000 -15.691613722
14.224000000 -15.677237696
14.232000000 -15.662845296
14.240000000 -15.648436533
14.248000000 -15.634011419
14.256000000 -15.619569968
14.264000000 -15.605112191
14.272000000 -15.590638101
14.280000000 -15.576147709
14.288000000 -15.561641029
14.296000000 -15.547118072
14.304000000 -15.532578850
14.312000000 -15.518023376
14.320000000 -15.503451663
14.328000000 -15.488863721
14.336000000 -15.474259564
14.344000000 -15.459639205
14.352000000 -15.445002654
14.360000000 -15.430349924
14.368000000 -15.415681028
14.376000000 -15.400995978
14.384000000 -15.386294786
14.392000000 -15.371577464
14.400000000 -15.356844025
14.408000000 -15.342094481
14.416000000 -15.327328844
14.424000000 -15.312547126
14.432000000 -15.297749340
14.440000000 -15.282935498
14.448000000 -15.268105611
14.456000000 -15.253259693
14.464000000 -15.238397756
14.472000000 -15.223519812
14.480000000 -15.208625873
14.488000000 -15.193715951
14.496000000 -15.178790059
14.504000000 -15.163848209
14.512000000 -15.148890413
14.520000000 -15.133916683
14.528000000 -15.118927033
14.536000000 -15.103921473
14.544000000 -15.088900017
14.552000000 -15.073862677
14.560000000 -15.058809464
14.568000000 -15.043740392
14.576000000 -15.028655472
14.584000000 -15.013554717
14.592000000 -14.998438140
14.600000000 -14.983305751
14.608000000 -14.968157565
14.616000000 -14.952993593
14.624000000 -14.937813847
14.632000000 -14.922618340
14.640000000 -14.907407084
14.648000000 -14.892180091
14.656000000 -14.876937374
14.664000000 -14.861678945
14.672000000 -14.846404817
14.680000000 -14.831115002
14.688000000 -14.815809512
14.696000000 -14.800488360
14.704000000 -14.785151557
14.712000000 -14.769799117
14.720000000 -14.754431052
14.728000000 -14.739047374
14.736000000 -14.723648095
14.744000000 -14.708233229
14.752000000 -14.692802787
14.760000000 -14.677356781
14.768000000 -14.661895226
14.776000000 -14.646418132
14.784000000 -14.630925512
14.792000000 -14.615417378
14.800000000 -14.599893744
14.808000000 -14.584354622
14.816000000 -14.568800024
14.824000000 -14.553229962
14.832000000 -14.537644450
14.840000000 -14.522043499
14.848000000 -14.506427123
14.856000000 -14.490795333
14.864000000 -14.475148142
14.872000000 -14.459485564
14.880000000 -14.443807609
14.888000000 -14.428114292
14.896000000 -14.412405625
14.904000000 -14.396681619
14.912000000 -14.380942289
14.920000000 -14.365187646
14.928000000 -14.349417703
14.936000000 -14.333632473
14.944000000 -14.317831968
14.952000000 -14.302016201
14.960000000 -14.286185185
14.968000000 -14.270338933
14.976000000 -14.254477457
14.984000000 -14.238600769
14.992000000 -14.222708884
15.000000000 -14.206801813
15.008000000 -14.190879569
15.016000000 -14.174942165
15.024000000 -14.158989614
15.032000000 -14.143021928
15.040000000 -14.127039121
15.048000000 -14.111041206
15.056000000 -14.095028194
15.064000000 -14.079000100
15.072000000 -14.062956935
15.080000000 -14.046898713
15.088000000 -14.030825447
15.096000000 -14.014737150
15.104000000 -13.998633835
15.112000000 -13.982515514
15.120000000 -13.966382200
15.128000000 -13.950233908
15.136000000 -13.934070649
15.144000000 -13.917892437
15.152000000 -13.901699285
15.160000000 -13.885491205
15.168000000 -13.869268212
15.176000000 -13.853030318
15.184000000 -13.836777536
15.192000000 -13.820509879
15.200000000 -13.804227362
15.208000000 -13.787929996
15.216000000 -13.771617795
15.224000000 -13.755290772
15.232000000 -13.738948941
15.240000000 -13.722592316
15.248000000 -13.706220908
15.256000000 -13.689834732
15.264000000 -13.673433800
15.272000000 -13.657018128
15.280000000 -13.640587726
15.288000000 -13.624142610
15.296000000 -13.607682793
15.304000000 -13.591208287
15.312000000 -13.574719108
15.320000000 -13.558215267
15.328000000 -13.541696779
15.336000000 -13.525163657
15.344000000 -13.508615916
15.352000000 -13.492053567
15.360000000 -13.475476626
15.368000000 -13.458885106
15.376000000 -13.442279020
15.384000000 -13.425658383
15.392000000 -13.409023207
15.400000000 -13.392373508
15.408000000 -13.375709298
15.416000000 -13.359030592
15.424000000 -13.342337403
15.432000000 -13.325629745
15.440000000 -13.308907633
15.448000000 -13.292171080
15.456000000 -13.275420101
15.464000000 -13.258654708
15.472000000 -13.241874917
15.480000000 -13.225080742
15.488000000 -13.208272196
15.496000000 -13.191449294
15.504000000 -13.174612050
15.512000000 -13.157760478
15.520000000 -13.140894592
15.528000000 -13.124014408
15.536000000 -13.107119938
15.544000000 -13.090211198
15.552000000 -13.073288202
15.560000000 -13.056350964
15.568000000 -13.039399499
15.576000000 -13.022433822
15.584000000 -13.005453946
15.592000000 -12.988459887
15.600000000 -12.971451659
15.608000000 -12.954429277
15.616000000 -12.937392755
15.624000000 -12.920342108
15.632000000 -12.903277351
15.640000000 -12.886198500
15.648000000 -12.869105568
15.656000000 -12.851998570
15.664000000 -12.834877523
15.672000000 -12.817742439
15.680000000 -12.800593336
15.688000000 -12.783430227
15.696000000 -12.766253128
15.704000000 -12.749062054
15.712000000 -12.731857020
15.720000000 -12.714638042
15.728000000 -12.697405134
15.736000000 -12.680158313
15.744000000 -12.662897593
15.752000000 -12.645622990
15.760000000 -12.628334519
15.768000000 -12.611032197
15.776000000 -12.593716038
15.784000000 -12.576386058
15.792000000 -12.559042273
15.800000000 -12.541684699
15.808000000 -12.524313352
15.816000000 -12.506928246
15.824000000 -12.489529399
15.832000000 -12.472116826
15.840000000 -12.454690544
15.848000000 -12.437250567
15.856000000 -12.419796913
15.864000000 -12.402329597
15.872000000 -12.384848636
15.880000000 -12.367354046
15.888000000 -12.349845844
15.896000000 -12.332324045
15.904000000 -12.314788666
15.912000000 -12.297239725
15.920000000 -12.279677236
15.928000000 -12.262101217
15.936000000 -12.244511685
15.944000000 -12.226908657
15.952000000 -12.209292148
15.960000000 -12.191662177
15.968000000 -12.174018760
15.976000000 -12.156361914
15.984000000 -12.138691655
15.992000000 -12.121008003
16.000000000 -12.103310972
16.008000000 -12.085600582
16.016000000 -12.067876848
16.024000000 -12.050139789
16.032000000 -12.032389423
16.040000000 -12.014625765
16.048000000 -11.996848835
16.056000000 -11.979058650
16.064000000 -11.961255227
16.072000000 -11.943438585
16.080000000 -11.925608742
16.088000000 -11.907765714
16.096000000 -11.889909522
16.104000000 -11.872040182
16.112000000 -11.854157713
16.120000000 -11.836262133
16.128000000 -11.818353460
16.136000000 -11.800431714
16.144000000 -11.782496912
16.152000000 -11.764549073
16.160000000 -11.746588216
16.168000000 -11.728614360
16.176000000 -11.710627524
16.184000000 -11.692627726
16.192000000 -11.674614985
16.200000000 -11.656589321
16.208000000 -11.638550754
16.216000000 -11.620499301
16.224000000 -11.602434983
16.232000000 -11.584357819
16.240000000 -11.566267829
16.248000000 -11.548165033
16.256000000 -11.530049450
16.264000000 -11.511921099
16.272000000 -11.493780002
16.280000000 -11.475626178
16.288000000 -11.457459647
16.296000000 -11.439280430
16.304000000 -11.421088546
16.312000000 -11.402884017
16.320000000 -11.384666863
16.328000000 -11.366437105
16.336000000 -11.348194763
16.344000000 -11.329939858
16.352000000 -11.311672411
16.360000000 -11.293392444
16.368000000 -11.275099977
16.376000000 -11.256795033
16.384000000 -11.238477631
16.392000000 -11.220147794
16.400000000 -11.201805544
16.408000000 -11.183450903
16.416000000 -11.165083891
16.424000000 -11.146704532
16.432000000 -11.128312846
16.440000000 -11.109908858
16.448000000 -11.091492588
16.456000000 -11.073064060
16.464000000 -11.054623296
16.472000000 -11.036170319
16.480000000 -11.017705152
16.488000000 -10.999227817
16.496000000 -10.980738338
16.504000000 -10.962236738
16.512000000 -10.943723041
16.520000000 -10.925197270
16.528000000 -10.906659448
16.536000000 -10.888109600
16.544000000 -10.869547750
16.552000000 -10.850973921
16.560000000 -10.832388138
16.568000000 -10.813790425
16.576000000 -10.795180806
16.584000000 -10.776559308
16.592000000 -10.757925953
16.600000000 -10.739280768
16.608000000 -10.720623776
16.616000000 -10.701955005
16.624000000 -10.683274478
16.632000000 -10.664582222
16.640000000 -10.645878262
16.648000000 -10.627162625
16.656000000 -10.608435336
16.664000000 -10.589696421
16.672000000 -10.570945908
16.680000000 -10.552183822
16.688000000 -10.533410190
16.696000000 -10.514625039
16.704000000 -10.495828397
16.712000000 -10.477020290
16.720000000 -10.458200746
16.728000000 -10.439369793
16.736000000 -10.420527458
16.744000000 -10.401673769
16.752000000 -10.382808755
16.760000000 -10.363932444
16.768000000 -10.345044864
16.776000000 -10.326146045
16.784000000 -10.307236014
16.792000000 -10.288314802
16.800000000 -10.269382438
16.808000000 -10.250438950
16.816000000 -10.231484370
16.824000000 -10.212518726
16.832000000 -10.193542049
16.840000000 -10.174554370
16.848000000 -10.155555718
16.856000000 -10.136546126
16.864000000 -10.117525622
16.872000000 -10.098494240
16.880000000 -10.079452010
16.888000000 -10.060398964
16.896000000 -10.041335134
16.904000000 -10.022260552
16.912000000 -10.003175251
16.920000000 -9.984079262
16.928000000 -9.964972619
16.936000000 -9.945855356
16.944000000 -9.926727504
16.952000000 -9.907589099
16.960000000 -9.888440173
16.968000000 -9.869280761
16.976000000 -9.850110897
16.984000000 -9.830930615
16.992000000 -9.811739951
17.000000000 -9.792538940
17.008000000 -9.773327617
17.016000000 -9.754106017
17.024000000 -9.734874177
17.032000000 -9.715632133
17.040000000 -9.696379921
17.048000000 -9.677117578
17.056000000 -9.657845141
17.064000000 -9.638562648
17.072000000 -9.619270136
17.080000000 -9.599967642
17.088000000 -9.580655206
17.096000000 -9.561332866
17.104000000 -9.542000661
17.112000000 -9.522658629
17.120000000 -9.503306811
17.128000000 -9.483945246
17.136000000 -9.464573974
17.144000000 -9.445193035
17.152000000 -9.425802472
17.160000000 -9.406402323
17.168000000 -9.386992632
17.176000000 -9.367573440
17.184000000 -9.348144788
17.192000000 -9.328706720
17.200000000 -9.309259278
17.208000000 -9.289802506
17.216000000 -9.270336447
17.224000000 -9.250861145
17.232000000 -9.231376644
17.240000000 -9.211882989
17.248000000 -9.192380225
17.256000000 -9.172868398
17.264000000 -9.153347553
17.272000000 -9.133817737
17.280000000 -9.114278996
17.288000000 -9.094731378
17.296000000 -9.075174929
17.304000000 -9.055609698
17.312000000 -9.036035733
17.320000000 -9.016453083
17.328000000 -8.996861796
17.336000000 -8.977261923
17.344000000 -8.957653514
17.352000000 -8.938036618
17.360000000 -8.918411288
17.368000000 -8.898777573
17.376000000 -8.879135527
17.384000000 -8.859485201
17.392000000 -8.839826649
17.400000000 -8.820159923
17.408000000 -8.800485078
17.416000000 -8.780802167
17.424000000 -8.761111245
17.432000000 -8.741412368
17.440000000 -8.721705592
17.448000000 -8.701990972
17.456000000 -8.682268566
17.464000000 -8.662538431
17.472000000 -8.642800625
17.480000000 -8.623055206
17.488000000 -8.603302233
17.496000000 -8.583541766
17.504000000 -8.563773865
17.512000000 -8.543998591
17.520000000 -8.524216005
17.528000000 -8.504426168
17.536000000 -8.484629144
17.544000000 -8.464824995
17.552000000 -8.445013785
17.560000000 -8.425195579
17.568000000 -8.405370441
17.576000000 -8.385538436
17.584000000 -8.365699632
17.592000000 -8.345854095
17.600000000 -8.326001892
17.608000000 -8.306143091
17.616000000 -8.286277762
17.624000000 -8.266405975
17.632000000 -8.246527798
17.640000000 -8.226643304
17.648000000 -8.206752563
17.656000000 -8.186855649
17.664000000 -8.166952634
17.672000000 -8.147043593
17.680000000 -8.127128599
17.688000000 -8.107207728
17.696000000 -8.087281057
17.704000000 -8.067348663
17.712000000 -8.047410622
17.720000000 -8.027467014
17.728000000 -8.007517917
17.736000000 -7.987563413
17.744000000 -7.967603582
17.752000000 -7.947638505
17.760000000 -7.927668266
17.768000000 -7.907692948
17.776000000 -7.887712636
17.784000000 -7.867727414
17.792000000 -7.847737370
17.800000000 -7.827742589
17.808000000 -7.807743161
17.816000000 -7.787739174
17.824000000 -7.767730719
17.832000000 -7.747717885
17.840000000 -7.727700766
17.848000000 -7.707679453
17.856000000 -7.687654042
17.864000000 -7.667624626
17.872000000 -7.647591301
17.880000000 -7.627554166
17.888000000 -7.607513316
17.896000000 -7.587468853
17.904000000 -7.567420876
17.912000000 -7.547369486
17.920000000 -7.527314786
17.928000000 -7.507256879
17.936000000 -7.487195870
17.944000000 -7.467131865
17.952000000 -7.447064971
17.960000000 -7.426995296
17.968000000 -7.406922949
17.976000000 -7.386848042
17.984000000 -7.366770685
17.992000000 -7.346690994
18.000000000 -7.326609080
18.008000000 -7.306525062
18.016000000 -7.286439055
18.024000000 -7.266351178
18.032000000 -7.246261550
18.040000000 -7.226170294
18.048000000 -7.206077531
18.056000000 -7.185983385
18.064000000 -7.165887981
18.072000000 -7.145791447
18.080000000 -7.125693911
18.088000000 -7.105595502
18.096000000 -7.085496351
18.104000000 -7.065396592
18.112000000 -7.045296358
18.120000000 -7.025195786
18.128000000 -7.005095012
18.136000000 -6.984994177
18.144000000 -6.964893420
18.152000000 -6.944792884
18.160000000 -6.924692713
18.168000000 -6.904593053
18.176000000 -6.884494052
18.184000000 -6.864395857
18.192000000 -6.844298622
18.200000000 -6.824202497
18.208000000 -6.804107638
18.216000000 -6.784014201
18.224000000 -6.763922345
18.232000000 -6.743832230
18.240000000 -6.723744018
18.248000000 -6.703657873
18.256000000 -6.683573960
18.264000000 -6.663492449
18.272000000 -6.643413510
18.280000000 -6.623337313
18.288000000 -6.603264035
18.296000000 -6.583193850
18.304000000 -6.563126939
18.312000000 -6.543063480
18.320000000 -6.523003658
18.328000000 -6.502947657
18.336000000 -6.482895665
18.344000000 -6.462847871
18.352000000 -6.442804468
18.360000000 -6.422765649
18.368000000 -6.402731613
18.376000000 -6.382702557
18.384000000 -6.362678684
18.392000000 -6.342660197
18.400000000 -6.322647304
18.408000000 -6.302640214
18.416000000 -6.282639138
18.424000000 -6.262644292
18.432000000 -6.242655891
18.440000000 -6.222674156
18.448000000 -6.202699310
18.456000000 -6.182731578
18.464000000 -6.162771187
18.472000000 -6.142818370
18.480000000 -6.122873360
18.488000000 -6.102936393
18.496000000 -6.083007710
18.504000000 -6.063087554
18.512000000 -6.043176169
18.520000000 -6.023273805
18.528000000 -6.003380715
18.536000000 -5.983497153
18.544000000 -5.963623377
18.552000000 -5.943759649
18.560000000 -5.923906235
18.568000000 -5.904063402
18.576000000 -5.884231422
18.584000000 -5.864410569
18.592000000 -5.844601124
18.600000000 -5.824803366
18.608000000 -5.805017583
18.616000000 -5.785244063
18.624000000 -5.765483098
18.632000000 -5.745734986
18.640000000 -5.726000026
18.648000000 -5.706278522
18.656000000 -5.686570782
18.664000000 -5.666877117
18.672000000 -5.647197843
18.680000000 -5.627533280
18.688000000 -5.607883751
18.696000000 -5.588249582
18.704000000 -5.568631107
18.712000000 -5.549028659
18.720000000 -5.529442581
18.728000000 -5.509873214
18.736000000 -5.490320908
18.744000000 -5.470786016
18.752000000 -5.451268894
18.760000000 -5.431769904
18.768000000 -5.412289412
18.776000000 -5.392827789
18.784000000 -5.373385409
18.792000000 -5.353962652
18.800000000 -5.334559902
18.808000000 -5.315177549
18.816000000 -5.295815986
18.824000000 -5.276475611
18.832000000 -5.257156828
18.840000000 -5.237860046
18.848000000 -5.218585676
18.856000000 -5.199334138
18.864000000 -5.180105855
18.872000000 -5.160901255
18.880000000 -5.141720771
18.888000000 -5.122564841
18.896000000 -5.103433909
18.904000000 -5.084328425
18.912000000 -5.065248842
18.920000000 -5.046195619
18.928000000 -5.027169222
18.936000000 -5.008170121
18.944000000 -4.989198790
18.952000000 -4.970255712
18.960000000 -4.951341371
18.968000000 -4.932456262
18.976000000 -4.913600880
18.984000000 -4.894775730
18.992000000 -4.875981319
19.000000000 -4.857218162
19.008000000 -4.838486778
19.016000000 -4.819787695
19.024000000 -4.801121441
19.032000000 -4.782488556
19.040000000 -4.763889580
19.048000000 -4.745325063
19.056000000 -4.726795559
19.064000000 -4.708301627
19.072000000 -4.689843832
19.080000000 -4.671422747
19.088000000 -4.653038948
19.096000000 -4.634693018
19.104000000 -4.616385545
19.112000000 -4.598117123
19.120000000 -4.579888352
19.128000000 -4.561699839
19.136000000 -4.543552192
19.144000000 -4.525446031
19.152000000 -4.507381976
19.160000000 -4.489360656
19.168000000 -4.471382704
19.176000000 -4.453448759
19.184000000 -4.435559465
19.192000000 -4.417715472
19.200000000 -4.399917434
19.208000000 -4.382166012
19.216000000 -4.364461871
19.224000000 -4.346805682
19.232000000 -4.329198118
19.240000000 -4.311639862
19.248000000 -4.294131597
19.256000000 -4.276674014
19.264000000 -4.259267806
19.272000000 -4.241913673
19.280000000 -4.224612318
19.288000000 -4.207364448
19.296000000 -4.190170775
19.304000000 -4.173032014
19.312000000 -4.155948884
19.320000000 -4.138922108
19.328000000 -4.121952412
19.336000000 -4.105040527
19.344000000 -4.088187184
19.352000000 -4.071393120
19.360000000 -4.054659073
19.368000000 -4.037985784
19.376000000 -4.021373996
19.384000000 -4.004824454
19.392000000 -3.988337905
19.400000000 -3.971915099
19.408000000 -3.955556785
19.416000000 -3.939263715
19.424000000 -3.923036640
19.432000000 -3.906876312
19.440000000 -3.890783486
19.448000000 -3.874758913
19.456000000 -3.858803347
19.464000000 -3.842917538
19.472000000 -3.827102237
19.480000000 -3.811358195
19.488000000 -3.795686158
19.496000000 -3.780086873
19.504000000 -3.764561083
19.512000000 -3.749109528
19.520000000 -3.733732947
19.528000000 -3.718432074
19.536000000 -3.703207639
19.544000000 -3.688060367
19.552000000 -3.672990981
19.560000000 -3.658000197
19.568000000 -3.643088725
19.576000000 -3.628257270
19.584000000 -3.613506532
19.592000000 -3.598837201
19.600000000 -3.584249962
19.608000000 -3.569745492
19.616000000 -3.555324460
19.624000000 -3.540987527
19.632000000 -3.526735343
19.640000000 -3.512568550
19.648000000 -3.498487780
19.656000000 -3.484493654
19.664000000 -3.470586784
19.672000000 -3.456767768
19.680000000 -3.443037194
19.688000000 -3.429395637
19.696000000 -3.415843660
19.704000000 -3.402381813
19.712000000 -3.389010630
19.720000000 -3.375730635
19.728000000 -3.362542335
19.736000000 -3.349446222
19.744000000 -3.336442773
19.752000000 -3.323532450
19.760000000 -3.310715698
19.768000000 -3.297992946
19.776000000 -3.285364605
19.784000000 -3.272831071
19.792000000 -3.260392719
19.800000000 -3.248049908
19.808000000 -3.235802980
19.816000000 -3.223652254
19.824000000 -3.211598033
19.832000000 -3.199640601
19.840000000 -3.187780221
19.848000000 -3.176017136
19.856000000 -3.164351569
19.864000000 -3.152783724
19.872000000 -3.141313781
19.880000000 -3.129941904
19.888000000 -3.118668231
19.896000000 -3.107492882
19.904000000 -3.096415954
19.912000000 -3.085437525
19.920000000 -3.074557648
19.928000000 -3.063776357
19.936000000 -3.053093662
19.944000000 -3.042509555
19.952000000 -3.032024002
19.960000000 -3.021636951
19.968000000 -3.011348324
19.976000000 -3.001158027
19.984000000 -2.991065938
19.992000000 -2.981071920
20.000000000 -2.971175809
