-0.000000000 0.360309499
0.008000000 0.360287046
0.016000000 0.360219704
0.024000000 0.360107522
0.032000000 0.359950586
0.040000000 0.359749012
0.048000000 0.359502950
0.056000000 0.359212583
0.064000000 0.358878128
0.072000000 0.358499830
0.080000000 0.358077971
0.088000000 0.357612860
0.096000000 0.357104837
0.104000000 0.356554274
0.112000000 0.355961571
0.120000000 0.355327154
0.128000000 0.354651482
0.136000000 0.353935035
0.144000000 0.353178325
0.152000000 0.352381883
0.160000000 0.351546269
0.168000000 0.350672063
0.176000000 0.349759870
0.184000000 0.348810315
0.192000000 0.347824041
0.200000000 0.346801714
0.208000000 0.345744016
0.216000000 0.344651645
0.224000000 0.343525316
0.232000000 0.342365759
0.240000000 0.341173718
0.248000000 0.339949947
0.256000000 0.338695214
0.264000000 0.337410296
0.272000000 0.336095980
0.280000000 0.334753060
0.288000000 0.333382337
0.296000000 0.331984620
0.304000000 0.330560719
0.312000000 0.329111452
0.320000000 0.327637636
0.328000000 0.326140094
0.336000000 0.324619645
0.344000000 0.323077111
0.352000000 0.321513314
0.360000000 0.319929070
0.368000000 0.318325196
0.376000000 0.316702503
0.384000000 0.315061800
0.392000000 0.313403888
0.400000000 0.311729564
0.408000000 0.310039618
0.416000000 0.308334832
0.424000000 0.306615981
0.432000000 0.304883832
0.440000000 0.303139141
0.448000000 0.301382656
0.456000000 0.299615113
0.464000000 0.297837241
0.472000000 0.296049754
0.480000000 0.294253357
0.488000000 0.292448742
0.496000000 0.290636590
0.504000000 0.288817569
0.512000000 0.286992334
0.520000000 0.285161527
0.528000000 0.283325778
0.536000000 0.281485702
0.544000000 0.279641901
0.552000000 0.277794965
0.560000000 0.275945467
0.568000000 0.274093970
0.576000000 0.272241020
0.584000000 0.270387150
0.592000000 0.268532879
0.600000000 0.266678713
0.608000000 0.264825143
0.616000000 0.262972645
0.624000000 0.261121684
0.632000000 0.259272708
0.640000000 0.257426154
0.648000000 0.255582445
0.656000000 0.253741988
0.664000000 0.251905179
0.672000000 0.250072401
0.680000000 0.248244023
0.688000000 0.246420400
0.696000000 0.244601877
0.704000000 0.242788784
0.712000000 0.240981439
0.720000000 0.239180150
0.728000000 0.237385211
0.736000000 0.235596904
0.744000000 0.233815500
0.752000000 0.232041260
0.760000000 0.230274431
0.768000000 0.228515252
0.776000000 0.226763950
0.784000000 0.225020742
0.792000000 0.223285834
0.800000000 0.221559422
0.808000000 0.219841694
0.816000000 0.218132827
0.824000000 0.216432988
0.832000000 0.214742337
0.840000000 0.213061024
0.848000000 0.211389191
0.856000000 0.209726971
0.864000000 0.208074489
0.872000000 0.206431863
0.880000000 0.204799202
0.888000000 0.203176608
0.896000000 0.201564176
0.904000000 0.199961995
0.912000000 0.198370146
0.920000000 0.196788702
0.928000000 0.195217734
0.936000000 0.193657301
0.944000000 0.192107462
0.952000000 0.190568265
0.960000000 0.189039756
0.968000000 0.187521975
0.976000000 0.186014955
0.984000000 0.184518726
0.992000000 0.183033312
1.000000000 0.181558732
1.008000000 0.180095002
1.016000000 0.178642134
1.024000000 0.177200132
1.032000000 0.175769001
1.040000000 0.174348739
1.048000000 0.172939342
1.056000000 0.171540800
1.064000000 0.170153102
1.072000000 0.168776234
1.080000000 0.167410176
1.088000000 0.166054908
1.096000000 0.164710406
1.104000000 0.163376643
1.112000000 0.162053589
1.120000000 0.160741213
1.128000000 0.159439481
1.136000000 0.158148355
1.144000000 0.156867797
1.152000000 0.155597767
1.160000000 0.154338221
1.168000000 0.153089115
1.176000000 0.151850403
1.184000000 0.150622037
1.192000000 0.149403966
1.200000000 0.148196140
1.208000000 0.146998506
1.216000000 0.145811010
1.224000000 0.144633598
1.232000000 0.143466212
1.240000000 0.142308795
1.248000000 0.141161289
1.256000000 0.140023635
1.264000000 0.138895771
1.272000000 0.137777637
1.280000000 0.136669170
1.288000000 0.135570308
1.296000000 0.134480988
1.304000000 0.133401145
1.312000000 0.132330714
1.320000000 0.131269631
1.328000000 0.130217830
1.336000000 0.129175245
1.344000000 0.128141809
1.352000000 0.127117455
1.360000000 0.126102117
1.368000000 0.125095728
1.376000000 0.124098218
1.384000000 0.123109522
1.392000000 0.122129571
1.400000000 0.121158297
1.408000000 0.120195632
1.416000000 0.119241508
1.424000000 0.118295857
1.432000000 0.117358609
1.440000000 0.116429699
1.448000000 0.115509056
1.456000000 0.114596614
1.464000000 0.113692304
1.472000000 0.112796059
1.480000000 0.111907810
1.488000000 0.111027491
1.496000000 0.110155034
1.504000000 0.109290372
1.512000000 0.108433438
1.520000000 0.107584166
1.528000000 0.106742489
1.536000000 0.105908340
1.544000000 0.105081655
1.552000000 0.104262367
1.560000000 0.103450411
1.568000000 0.102645723
1.576000000 0.101848237
1.584000000 0.101057890
1.592000000 0.100274617
1.600000000 0.099498355
1.608000000 0.098729040
1.616000000 0.097966610
1.624000000 0.097211002
1.632000000 0.096462154
1.640000000 0.095720004
1.648000000 0.094984492
1.656000000 0.094255556
1.664000000 0.093533135
1.672000000 0.092817170
1.680000000 0.092107601
1.688000000 0.091404368
1.696000000 0.090707414
1.704000000 0.090016678
1.712000000 0.089332105
1.720000000 0.088653635
1.728000000 0.087981212
1.736000000 0.087314779
1.744000000 0.086654280
1.752000000 0.085999660
1.760000000 0.085350862
1.768000000 0.084707833
1.776000000 0.084070517
1.784000000 0.083438860
1.792000000 0.082812810
1.800000000 0.082192313
1.808000000 0.081577316
1.816000000 0.080967768
1.824000000 0.080363615
1.832000000 0.079764808
1.840000000 0.079171295
1.848000000 0.078583026
1.856000000 0.077999951
1.864000000 0.077422019
1.872000000 0.076849184
1.880000000 0.076281394
1.888000000 0.075718603
1.896000000 0.075160763
1.904000000 0.074607825
1.912000000 0.074059744
1.920000000 0.073516473
1.928000000 0.072977965
1.936000000 0.072444175
1.944000000 0.071915058
1.952000000 0.071390569
1.960000000 0.070870664
1.968000000 0.070355299
1.976000000 0.069844429
1.984000000 0.069338013
1.992000000 0.068836007
2.000000000 0.068338369
2.008000000 0.067845057
2.016000000 0.067356030
2.024000000 0.066871246
2.032000000 0.066390665
2.040000000 0.065914246
2.048000000 0.065441950
2.056000000 0.064973736
2.064000000 0.064509567
2.072000000 0.064049402
2.080000000 0.063593204
2.088000000 0.063140935
2.096000000 0.062692556
2.104000000 0.062248031
2.112000000 0.061807323
2.120000000 0.061370394
2.128000000 0.060937210
2.136000000 0.060507734
2.144000000 0.060081931
2.152000000 0.059659765
2.160000000 0.059241201
2.168000000 0.058826206
2.176000000 0.058414745
2.184000000 0.058006785
2.192000000 0.057602291
2.200000000 0.057201232
2.208000000 0.056803573
2.216000000 0.056409283
2.224000000 0.056018330
2.232000000 0.055630682
2.240000000 0.055246307
2.248000000 0.054865175
2.256000000 0.054487253
2.264000000 0.054112513
2.272000000 0.053740923
2.280000000 0.053372454
2.288000000 0.053007077
2.296000000 0.052644761
2.304000000 0.052285477
2.312000000 0.051929198
2.320000000 0.051575895
2.328000000 0.051225539
2.336000000 0.050878102
2.344000000 0.050533558
2.352000000 0.050191878
2.360000000 0.049853036
2.368000000 0.049517005
2.376000000 0.049183759
2.384000000 0.048853270
2.392000000 0.048525514
2.400000000 0.048200465
2.408000000 0.047878096
2.416000000 0.047558384
2.424000000 0.047241303
2.432000000 0.046926828
2.440000000 0.046614935
2.448000000 0.046305600
2.456000000 0.045998798
2.464000000 0.045694507
2.472000000 0.045392703
2.480000000 0.045093362
2.488000000 0.044796462
2.496000000 0.044501979
2.504000000 0.044209892
2.512000000 0.043920178
2.520000000 0.043632814
2.528000000 0.043347780
2.536000000 0.043065053
2.544000000 0.042784613
2.552000000 0.042506437
2.560000000 0.042230505
2.568000000 0.041956797
2.576000000 0.041685291
2.584000000 0.041415967
2.592000000 0.041148805
2.600000000 0.040883786
2.608000000 0.040620889
2.616000000 0.040360095
2.624000000 0.040101384
2.632000000 0.039844738
2.640000000 0.039590138
2.648000000 0.039337564
2.656000000 0.039086998
2.664000000 0.038838423
2.672000000 0.038591818
2.680000000 0.038347168
2.688000000 0.038104453
2.696000000 0.037863656
2.704000000 0.037624759
2.712000000 0.037387746
2.720000000 0.037152599
2.728000000 0.036919301
2.736000000 0.036687836
2.744000000 0.036458186
2.752000000 0.036230335
2.760000000 0.036004268
2.768000000 0.035779967
2.776000000 0.035557417
2.784000000 0.035336602
2.792000000 0.035117507
2.800000000 0.034900115
2.808000000 0.034684412
2.816000000 0.034470383
2.824000000 0.034258011
2.832000000 0.034047283
2.840000000 0.033838184
2.848000000 0.033630699
2.856000000 0.033424813
2.864000000 0.033220513
2.872000000 0.033017783
2.880000000 0.032816611
2.888000000 0.032616982
2.896000000 0.032418883
2.904000000 0.032222299
2.912000000 0.032027218
2.920000000 0.031833625
2.928000000 0.031641508
2.936000000 0.031450854
2.944000000 0.031261650
2.952000000 0.031073883
2.960000000 0.030887539
2.968000000 0.030702608
2.976000000 0.030519075
2.984000000 0.030336929
2.992000000 0.030156158
3.000000000 0.029976749
3.008000000 0.029798691
3.016000000 0.029621971
3.024000000 0.029446578
3.032000000 0.029272500
3.040000000 0.029099726
3.048000000 0.028928245
3.056000000 0.028758044
3.064000000 0.028589113
3.072000000 0.028421441
3.080000000 0.028255017
3.088000000 0.028089830
3.096000000 0.027925868
3.104000000 0.027763123
3.112000000 0.027601582
3.120000000 0.027441236
3.128000000 0.027282073
3.136000000 0.027124085
3.144000000 0.026967261
3.152000000 0.026811590
3.160000000 0.026657063
3.168000000 0.026503670
3.176000000 0.026351401
3.184000000 0.026200246
3.192000000 0.026050197
3.200000000 0.025901243
3.208000000 0.025753374
3.216000000 0.025606583
3.224000000 0.025460859
3.232000000 0.025316193
3.240000000 0.025172577
3.248000000 0.025030001
3.256000000 0.024888457
3.264000000 0.024747935
3.272000000 0.024608427
3.280000000 0.024469925
3.288000000 0.024332420
3.296000000 0.024195903
3.304000000 0.024060366
3.312000000 0.023925800
3.320000000 0.023792199
3.328000000 0.023659553
3.336000000 0.023527854
3.344000000 0.023397094
3.352000000 0.023267266
3.360000000 0.023138362
3.368000000 0.023010373
3.376000000 0.022883293
3.384000000 0.022757113
3.392000000 0.022631827
3.400000000 0.022507425
3.408000000 0.022383902
3.416000000 0.022261250
3.424000000 0.022139461
3.432000000 0.022018529
3.440000000 0.021898446
3.448000000 0.021779205
3.456000000 0.021660800
3.464000000 0.021543222
3.472000000 0.021426466
3.480000000 0.021310525
3.488000000 0.021195391
3.496000000 0.021081059
3.504000000 0.020967521
3.512000000 0.020854771
3.520000000 0.020742803
3.528000000 0.020631610
3.536000000 0.020521186
3.544000000 0.020411524
3.552000000 0.020302618
3.560000000 0.020194462
3.568000000 0.020087050
3.576000000 0.019980376
3.584000000 0.019874434
3.592000000 0.019769217
3.600000000 0.019664720
3.608000000 0.019560937
3.616000000 0.019457862
3.624000000 0.019355490
3.632000000 0.019253815
3.640000000 0.019152830
3.648000000 0.019052531
3.656000000 0.018952913
3.664000000 0.018853968
3.672000000 0.018755693
3.680000000 0.018658081
3.688000000 0.018561127
3.696000000 0.018464827
3.704000000 0.018369174
3.712000000 0.018274163
3.720000000 0.018179790
3.728000000 0.018086050
3.736000000 0.017992936
3.744000000 0.017900445
3.752000000 0.017808571
3.760000000 0.017717309
3.768000000 0.017626655
3.776000000 0.017536603
3.784000000 0.017447149
3.792000000 0.017358288
3.800000000 0.017270016
3.808000000 0.017182327
3.816000000 0.017095217
3.824000000 0.017008682
3.832000000 0.016922717
3.840000000 0.016837317
3.848000000 0.016752478
3.856000000 0.016668196
3.864000000 0.016584465
3.872000000 0.016501283
3.880000000 0.016418645
3.888000000 0.016336545
3.896000000 0.016254981
3.904000000 0.016173947
3.912000000 0.016093441
3.920000000 0.016013457
3.928000000 0.015933991
3.936000000 0.015855040
3.944000000 0.015776599
3.952000000 0.015698666
3.960000000 0.015621234
3.968000000 0.015544301
3.976000000 0.015467864
3.984000000 0.015391917
3.992000000 0.015316457
4.000000000 0.015241481
4.008000000 0.015166985
4.016000000 0.015092964
4.024000000 0.015019416
4.032000000 0.014946337
4.040000000 0.014873723
4.048000000 0.014801570
4.056000000 0.014729876
4.064000000 0.014658635
4.072000000 0.014587846
4.080000000 0.014517505
4.088000000 0.014447608
4.096000000 0.014378151
4.104000000 0.014309132
4.112000000 0.014240547
4.120000000 0.014172393
4.128000000 0.014104667
4.136000000 0.014037364
4.144000000 0.013970483
4.152000000 0.013904020
4.160000000 0.013837971
4.168000000 0.013772335
4.176000000 0.013707106
4.184000000 0.013642283
4.192000000 0.013577863
4.200000000 0.013513841
4.208000000 0.013450216
4.216000000 0.013386985
4.224000000 0.013324144
4.232000000 0.013261690
4.240000000 0.013199621
4.248000000 0.013137934
4.256000000 0.013076626
4.264000000 0.013015694
4.272000000 0.012955135
4.280000000 0.012894947
4.288000000 0.012835126
4.296000000 0.012775670
4.304000000 0.012716577
4.312000000 0.012657843
4.320000000 0.012599467
4.328000000 0.012541444
4.336000000 0.012483774
4.344000000 0.012426452
4.352000000 0.012369477
4.360000000 0.012312847
4.368000000 0.012256557
4.376000000 0.012200607
4.384000000 0.012144993
4.392000000 0.012089713
4.400000000 0.012034765
4.408000000 0.011980146
4.416000000 0.011925853
4.424000000 0.011871885
4.432000000 0.011818240
4.440000000 0.011764913
4.448000000 0.011711904
4.456000000 0.011659211
4.464000000 0.011606830
4.472000000 0.011554759
4.480000000 0.011502997
4.488000000 0.011451541
4.496000000 0.011400388
4.504000000 0.011349538
4.512000000 0.011298986
4.520000000 0.011248732
4.528000000 0.011198774
4.536000000 0.011149108
4.544000000 0.011099733
4.552000000 0.011050647
4.560000000 0.011001848
4.568000000 0.010953334
4.576000000 0.010905102
4.584000000 0.010857151
4.592000000 0.010809479
4.600000000 0.010762083
4.608000000 0.010714963
4.616000000 0.010668115
4.624000000 0.010621538
4.632000000 0.010575230
4.640000000 0.010529188
4.648000000 0.010483413
4.656000000 0.010437900
4.664000000 0.010392649
4.672000000 0.010347657
4.680000000 0.010302923
4.688000000 0.010258445
4.696000000 0.010214222
4.704000000 0.010170250
4.712000000 0.010126530
4.720000000 0.010083058
4.728000000 0.010039833
4.736000000 0.009996853
4.744000000 0.009954118
4.752000000 0.009911624
4.760000000 0.009869370
4.768000000 0.009827356
4.776000000 0.009785578
4.784000000 0.009744035
4.792000000 0.009702726
4.800000000 0.009661649
4.808000000 0.009620803
4.816000000 0.009580185
4.824000000 0.009539795
4.832000000 0.009499631
4.840000000 0.009459690
4.848000000 0.009419973
4.856000000 0.009380476
4.864000000 0.009341199
4.872000000 0.009302140
4.880000000 0.009263298
4.888000000 0.009224670
4.896000000 0.009186257
4.904000000 0.009148055
4.912000000 0.009110065
4.920000000 0.009072283
4.928000000 0.009034710
4.936000000 0.008997342
4.944000000 0.008960180
4.952000000 0.008923222
4.960000000 0.008886466
4.968000000 0.008849911
4.976000000 0.008813555
4.984000000 0.008777398
4.992000000 0.008741437
5.000000000 0.008705672
5.008000000 0.008670101
5.016000000 0.008634724
5.024000000 0.008599537
5.032000000 0.008564542
5.040000000 0.008529735
5.048000000 0.008495116
5.056000000 0.008460683
5.064000000 0.008426436
5.072000000 0.008392373
5.080000000 0.008358493
5.088000000 0.008324795
5.096000000 0.008291276
5.104000000 0.008257937
5.112000000 0.008224777
5.120000000 0.008191793
5.128000000 0.008158984
5.136000000 0.008126350
5.144000000 0.008093890
5.152000000 0.008061602
5.160000000 0.008029485
5.168000000 0.007997537
5.176000000 0.007965759
5.184000000 0.007934149
5.192000000 0.007902705
5.200000000 0.007871426
5.208000000 0.007840312
5.216000000 0.007809362
5.224000000 0.007778574
5.232000000 0.007747947
5.240000000 0.007717480
5.248000000 0.007687172
5.256000000 0.007657023
5.264000000 0.007627030
5.272000000 0.007597194
5.280000000 0.007567513
5.288000000 0.007537986
5.296000000 0.007508612
5.304000000 0.007479390
5.312000000 0.007450319
5.320000000 0.007421398
5.328000000 0.007392626
5.336000000 0.007364003
5.344000000 0.007335527
5.352000000 0.007307197
5.360000000 0.007279012
5.368000000 0.007250972
5.376000000 0.007223076
5.384000000 0.007195322
5.392000000 0.007167710
5.400000000 0.007140238
5.408000000 0.007112906
5.416000000 0.007085714
5.424000000 0.007058659
5.432000000 0.007031742
5.440000000 0.007004961
5.448000000 0.006978316
5.456000000 0.006951805
5.464000000 0.006925428
5.472000000 0.006899184
5.480000000 0.006873072
5.488000000 0.006847091
5.496000000 0.006821241
5.504000000 0.006795520
5.512000000 0.006769928
5.520000000 0.006744464
5.528000000 0.006719128
5.536000000 0.006693918
5.544000000 0.006668833
5.552000000 0.006643873
5.560000000 0.006619037
5.568000000 0.006594325
5.576000000 0.006569735
5.584000000 0.006545267
5.592000000 0.006520920
5.600000000 0.006496693
5.608000000 0.006472585
5.616000000 0.006448596
5.624000000 0.006424726
5.632000000 0.006400972
5.640000000 0.006377335
5.648000000 0.006353814
5.656000000 0.006330408
5.664000000 0.006307117
5.672000000 0.006283939
5.680000000 0.006260874
5.688000000 0.006237922
5.696000000 0.006215081
5.704000000 0.006192351
5.712000000 0.006169732
5.720000000 0.006147222
5.728000000 0.006124821
5.736000000 0.006102528
5.744000000 0.006080343
5.752000000 0.006058265
5.760000000 0.006036293
5.768000000 0.006014427
5.776000000 0.005992666
5.784000000 0.005971009
5.792000000 0.005949456
5.800000000 0.005928006
5.808000000 0.005906659
5.816000000 0.005885413
5.824000000 0.005864269
5.832000000 0.005843225
5.840000000 0.005822282
5.848000000 0.005801438
5.856000000 0.005780693
5.864000000 0.005760046
5.872000000 0.005739496
5.880000000 0.005719044
5.888000000 0.005698689
5.896000000 0.005678429
5.904000000 0.005658265
5.912000000 0.005638195
5.920000000 0.005618220
5.928000000 0.005598339
5.936000000 0.005578550
5.944000000 0.005558854
5.952000000 0.005539250
5.960000000 0.005519738
5.968000000 0.005500317
5.976000000 0.005480986
5.984000000 0.005461744
5.992000000 0.005442593
6.000000000 0.005423530
6.008000000 0.005404555
6.016000000 0.005385668
6.024000000 0.005366868
6.032000000 0.005348155
6.040000000 0.005329529
6.048000000 0.005310988
6.056000000 0.005292532
6.064000000 0.005274161
6.072000000 0.005255874
6.080000000 0.005237671
6.088000000 0.005219552
6.096000000 0.005201515
6.104000000 0.005183560
6.112000000 0.005165687
6.120000000 0.005147896
6.128000000 0.005130185
6.136000000 0.005112555
6.144000000 0.005095005
6.152000000 0.005077534
6.160000000 0.005060143
6.168000000 0.005042830
6.176000000 0.005025595
6.184000000 0.005008438
6.192000000 0.004991358
6.200000000 0.004974354
6.208000000 0.004957427
6.216000000 0.004940576
6.224000000 0.004923801
6.232000000 0.004907100
6.240000000 0.004890475
6.248000000 0.004873923
6.256000000 0.004857445
6.264000000 0.004841041
6.272000000 0.004824709
6.280000000 0.004808450
6.288000000 0.004792263
6.296000000 0.004776148
6.304000000 0.004760104
6.312000000 0.004744131
6.320000000 0.004728229
6.328000000 0.004712396
6.336000000 0.004696634
6.344000000 0.004680940
6.352000000 0.004665316
6.360000000 0.004649760
6.368000000 0.004634272
6.376000000 0.004618852
6.384000000 0.004603500
6.392000000 0.004588214
6.400000000 0.004572995
6.408000000 0.004557842
6.416000000 0.004542756
6.424000000 0.004527735
6.432000000 0.004512779
6.440000000 0.004497887
6.448000000 0.004483061
6.456000000 0.004468298
6.464000000 0.004453599
6.472000000 0.004438964
6.480000000 0.004424391
6.488000000 0.004409881
6.496000000 0.004395434
6.504000000 0.004381048
6.512000000 0.004366725
6.520000000 0.004352462
6.528000000 0.004338261
6.536000000 0.004324120
6.544000000 0.004310039
6.552000000 0.004296019
6.560000000 0.004282058
6.568000000 0.004268156
6.576000000 0.004254314
6.584000000 0.004240530
6.592000000 0.004226805
6.600000000 0.004213137
6.608000000 0.004199528
6.616000000 0.004185975
6.624000000 0.004172480
6.632000000 0.004159042
6.640000000 0.004145660
6.648000000 0.004132335
6.656000000 0.004119065
6.664000000 0.004105851
6.672000000 0.004092692
6.680000000 0.004079588
6.688000000 0.004066539
6.696000000 0.004053544
6.704000000 0.004040604
6.712000000 0.004027717
6.720000000 0.004014883
6.728000000 0.004002103
6.736000000 0.003989376
6.744000000 0.003976702
6.752000000 0.003964080
6.760000000 0.003951510
6.768000000 0.003938992
6.776000000 0.003926525
6.784000000 0.003914110
6.792000000 0.003901746
6.800000000 0.003889433
6.808000000 0.003877170
6.816000000 0.003864957
6.824000000 0.003852794
6.832000000 0.003840681
6.840000000 0.003828617
6.848000000 0.003816603
6.856000000 0.003804637
6.864000000 0.003792720
6.872000000 0.003780852
6.880000000 0.003769031
6.888000000 0.003757258
6.896000000 0.003745534
6.904000000 0.003733856
6.912000000 0.003722226
6.920000000 0.003710642
6.928000000 0.003699105
6.936000000 0.003687615
6.944000000 0.003676170
6.952000000 0.003664772
6.960000000 0.003653419
6.968000000 0.003642112
6.976000000 0.003630850
6.984000000 0.003619633
6.992000000 0.003608461
7.000000000 0.003597333
7.008000000 0.003586249
7.016000000 0.003575210
7.024000000 0.003564214
7.032000000 0.003553262
7.040000000 0.003542353
7.048000000 0.003531488
7.056000000 0.003520665
7.064000000 0.003509886
7.072000000 0.003499148
7.080000000 0.003488453
7.088000000 0.003477800
7.096000000 0.003467189
7.104000000 0.003456619
7.112000000 0.003446091
7.120000000 0.003435604
7.128000000 0.003425158
7.136000000 0.003414753
7.144000000 0.003404389
7.152000000 0.003394065
7.160000000 0.003383781
7.168000000 0.003373537
7.176000000 0.003363332
7.184000000 0.003353168
7.192000000 0.003343042
7.200000000 0.003332956
7.208000000 0.003322909
7.216000000 0.003312901
7.224000000 0.003302931
7.232000000 0.003293000
7.240000000 0.003283107
7.248000000 0.003273251
7.256000000 0.003263434
7.264000000 0.003253654
7.272000000 0.003243912
7.280000000 0.003234207
7.288000000 0.003224539
7.296000000 0.003214908
7.304000000 0.003205314
7.312000000 0.003195756
7.320000000 0.003186234
7.328000000 0.003176749
7.336000000 0.003167299
7.344000000 0.003157886
7.352000000 0.003148508
7.360000000 0.003139165
7.368000000 0.003129858
7.376000000 0.003120586
7.384000000 0.003111349
7.392000000 0.003102146
7.400000000 0.003092978
7.408000000 0.003083845
7.416000000 0.003074745
7.424000000 0.003065680
7.432000000 0.003056649
7.440000000 0.003047651
7.448000000 0.003038687
7.456000000 0.003029757
7.464000000 0.003020860
7.472000000 0.003011995
7.480000000 0.003003164
7.488000000 0.002994366
7.496000000 0.002985600
7.504000000 0.002976866
7.512000000 0.002968165
7.520000000 0.002959496
7.528000000 0.002950859
7.536000000 0.002942254
7.544000000 0.002933680
7.552000000 0.002925138
7.560000000 0.002916627
7.568000000 0.002908148
7.576000000 0.002899700
7.584000000 0.002891282
7.592000000 0.002882895
7.600000000 0.002874539
7.608000000 0.002866214
7.616000000 0.002857918
7.624000000 0.002849653
7.632000000 0.002841418
7.640000000 0.002833213
7.648000000 0.002825038
7.656000000 0.002816892
7.664000000 0.002808776
7.672000000 0.002800689
7.680000000 0.002792631
7.688000000 0.002784602
7.696000000 0.002776602
7.704000000 0.002768631
7.712000000 0.002760689
7.720000000 0.002752775
7.728000000 0.002744889
7.736000000 0.002737032
7.744000000 0.002729203
7.752000000 0.002721401
7.760000000 0.002713628
7.768000000 0.002705882
7.776000000 0.002698164
7.784000000 0.002690474
7.792000000 0.002682810
7.800000000 0.002675174
7.808000000 0.002667565
7.816000000 0.002659983
7.824000000 0.002652428
7.832000000 0.002644899
7.840000000 0.002637397
7.848000000 0.002629921
7.856000000 0.002622472
7.864000000 0.002615049
7.872000000 0.002607652
7.880000000 0.002600281
7.888000000 0.002592935
7.896000000 0.002585616
7.904000000 0.002578322
7.912000000 0.002571053
7.920000000 0.002563810
7.928000000 0.002556592
7.936000000 0.002549400
7.944000000 0.002542232
7.952000000 0.002535089
7.960000000 0.002527971
7.968000000 0.002520877
7.976000000 0.002513809
7.984000000 0.002506764
7.992000000 0.002499744
8.000000000 0.002492748
8.008000000 0.002485776
8.016000000 0.002478829
8.024000000 0.002471905
8.032000000 0.002465005
8.040000000 0.002458128
8.048000000 0.002451275
8.056000000 0.002444446
8.064000000 0.002437640
8.072000000 0.002430857
8.080000000 0.002424097
8.088000000 0.002417361
8.096000000 0.002410647
8.104000000 0.002403956
8.112000000 0.002397288
8.120000000 0.002390642
8.128000000 0.002384019
8.136000000 0.002377418
8.144000000 0.002370840
8.152000000 0.002364284
8.160000000 0.002357750
8.168000000 0.002351238
8.176000000 0.002344748
8.184000000 0.002338280
8.192000000 0.002331833
8.200000000 0.002325408
8.208000000 0.002319005
8.216000000 0.002312623
8.224000000 0.002306262
8.232000000 0.002299923
8.240000000 0.002293605
8.248000000 0.002287308
8.256000000 0.002281031
8.264000000 0.002274776
8.272000000 0.002268541
8.280000000 0.002262328
8.288000000 0.002256134
8.296000000 0.002249961
8.304000000 0.002243809
8.312000000 0.002237677
8.320000000 0.002231565
8.328000000 0.002225473
8.336000000 0.002219402
8.344000000 0.002213350
8.352000000 0.002207318
8.360000000 0.002201306
8.368000000 0.002195314
8.376000000 0.002189341
8.384000000 0.002183388
8.392000000 0.002177454
8.400000000 0.002171540
8.408000000 0.002165645
8.416000000 0.002159769
8.424000000 0.002153912
8.432000000 0.002148075
8.440000000 0.002142256
8.448000000 0.002136456
8.456000000 0.002130675
8.464000000 0.002124912
8.472000000 0.002119168
8.480000000 0.002113443
8.488000000 0.002107736
8.496000000 0.002102047
8.504000000 0.002096377
8.512000000 0.002090725
8.520000000 0.002085091
8.528000000 0.002079476
8.536000000 0.002073878
8.544000000 0.002068298
8.552000000 0.002062736
8.560000000 0.002057191
8.568000000 0.002051665
8.576000000 0.002046156
8.584000000 0.002040664
8.592000000 0.002035190
8.600000000 0.002029733
8.608000000 0.002024294
8.616000000 0.002018872
8.624000000 0.002013467
8.632000000 0.002008079
8.640000000 0.002002708
8.648000000 0.001997354
8.656000000 0.001992017
8.664000000 0.001986696
8.672000000 0.001981393
8.680000000 0.001976106
8.688000000 0.001970835
8.696000000 0.001965582
8.704000000 0.001960344
8.712000000 0.001955123
8.720000000 0.001949918
8.728000000 0.001944730
8.736000000 0.001939557
8.744000000 0.001934401
8.752000000 0.001929261
8.760000000 0.001924137
8.768000000 0.001919028
8.776000000 0.001913936
8.784000000 0.001908859
8.792000000 0.001903798
8.800000000 0.001898752
8.808000000 0.001893723
8.816000000 0.001888708
8.824000000 0.001883709
8.832000000 0.001878726
8.840000000 0.001873757
8.848000000 0.001868804
8.856000000 0.001863867
8.864000000 0.001858944
8.872000000 0.001854036
8.880000000 0.001849143
8.888000000 0.001844266
8.896000000 0.001839403
8.904000000 0.001834555
8.912000000 0.001829721
8.920000000 0.001824903
8.928000000 0.001820099
8.936000000 0.001815309
8.944000000 0.001810535
8.952000000 0.001805774
8.960000000 0.001801028
8.968000000 0.001796296
8.976000000 0.001791579
8.984000000 0.001786875
8.992000000 0.001782186
9.000000000 0.001777511
9.008000000 0.001772850
9.016000000 0.001768203
9.024000000 0.001763570
9.032000000 0.001758951
9.040000000 0.001754346
9.048000000 0.001749754
9.056000000 0.001745176
9.064000000 0.001740612
9.072000000 0.001736061
9.080000000 0.001731524
9.088000000 0.001727000
9.096000000 0.001722490
9.104000000 0.001717993
9.112000000 0.001713509
9.120000000 0.001709039
9.128000000 0.001704582
9.136000000 0.001700138
9.144000000 0.001695707
9.152000000 0.001691289
9.160000000 0.001686884
9.168000000 0.001682492
9.176000000 0.001678113
9.184000000 0.001673747
9.192000000 0.001669394
9.200000000 0.001665053
9.208000000 0.001660725
9.216000000 0.001656410
9.224000000 0.001652107
9.232000000 0.001647817
9.240000000 0.001643539
9.248000000 0.001639274
9.256000000 0.001635021
9.264000000 0.001630780
9.272000000 0.001626552
9.280000000 0.001622336
9.288000000 0.001618132
9.296000000 0.001613941
9.304000000 0.001609761
9.312000000 0.001605593
9.320000000 0.001601438
9.328000000 0.001597294
9.336000000 0.001593163
9.344000000 0.001589043
9.352000000 0.001584935
9.360000000 0.001580839
9.368000000 0.001576754
9.376000000 0.001572681
9.384000000 0.001568620
9.392000000 0.001564570
9.400000000 0.001560532
9.408000000 0.001556506
9.416000000 0.001552490
9.424000000 0.001548487
9.432000000 0.001544494
9.440000000 0.001540513
9.448000000 0.001536543
9.456000000 0.001532585
9.464000000 0.001528637
9.472000000 0.001524701
9.480000000 0.001520776
9.488000000 0.001516861
9.496000000 0.001512958
9.504000000 0.001509066
9.512000000 0.001505185
9.520000000 0.001501315
9.528000000 0.001497455
9.536000000 0.001493606
9.544000000 0.001489768
9.552000000 0.001485941
9.560000000 0.001482124
9.568000000 0.001478318
9.576000000 0.001474523
9.584000000 0.001470738
9.592000000 0.001466964
9.600000000 0.001463200
9.608000000 0.001459446
9.616000000 0.001455703
9.624000000 0.001451971
9.632000000 0.001448248
9.640000000 0.001444536
9.648000000 0.001440834
9.656000000 0.001437143
9.664000000 0.001433461
9.672000000 0.001429790
9.680000000 0.001426128
9.688000000 0.001422477
9.696000000 0.001418836
9.704000000 0.001415204
9.712000000 0.001411583
9.720000000 0.001407971
9.728000000 0.001404370
9.736000000 0.001400778
9.744000000 0.001397195
9.752000000 0.001393623
9.760000000 0.001390060
9.768000000 0.001386507
9.776000000 0.001382964
9.784000000 0.001379430
9.792000000 0.001375906
9.800000000 0.001372391
9.808000000 0.001368886
9.816000000 0.001365390
9.824000000 0.001361904
9.832000000 0.001358427
9.840000000 0.001354959
9.848000000 0.001351500
9.856000000 0.001348051
9.864000000 0.001344611
9.872000000 0.001341181
9.880000000 0.001337759
9.888000000 0.001334347
9.896000000 0.001330944
9.904000000 0.001327549
9.912000000 0.001324164
9.920000000 0.001320788
9.928000000 0.001317421
9.936000000 0.001314062
9.944000000 0.001310713
9.952000000 0.001307373
9.960000000 0.001304041
9.968000000 0.001300718
9.976000000 0.001297404
9.984000000 0.001294098
9.992000000 0.001290802
10.000000000 0.001287514
10.008000000 0.001284234
10.016000000 0.001280963
10.024000000 0.001277701
10.032000000 0.001274448
10.040000000 0.001271202
10.048000000 0.001267966
10.056000000 0.001264737
10.064000000 0.001261518
10.072000000 0.001258306
10.080000000 0.001255103
10.088000000 0.001251908
10.096000000 0.001248722
10.104000000 0.001245544
10.112000000 0.001242374
10.120000000 0.001239212
10.128000000 0.001236058
10.136000000 0.001232913
10.144000000 0.001229776
10.152000000 0.001226646
10.160000000 0.001223525
10.168000000 0.001220412
10.176000000 0.001217307
10.184000000 0.001214210
10.192000000 0.001211120
10.200000000 0.001208039
10.208000000 0.001204966
10.216000000 0.001201900
10.224000000 0.001198842
10.232000000 0.001195792
10.240000000 0.001192750
10.248000000 0.001189715
10.256000000 0.001186689
10.264000000 0.001183670
10.272000000 0.001180658
10.280000000 0.001177654
10.288000000 0.001174658
10.296000000 0.001171670
10.304000000 0.001168689
10.312000000 0.001165715
10.320000000 0.001162749
10.328000000 0.001159790
10.336000000 0.001156839
10.344000000 0.001153895
10.352000000 0.001150959
10.360000000 0.001148030
10.368000000 0.001145108
10.376000000 0.001142194
10.384000000 0.001139287
10.392000000 0.001136387
10.400000000 0.001133495
10.408000000 0.001130609
10.416000000 0.001127731
10.424000000 0.001124860
10.432000000 0.001121996
10.440000000 0.001119139
10.448000000 0.001116290
10.456000000 0.001113447
10.464000000 0.001110611
10.472000000 0.001107783
10.480000000 0.001104961
10.488000000 0.001102146
10.496000000 0.001099338
10.504000000 0.001096538
10.512000000 0.001093744
10.520000000 0.001090956
10.528000000 0.001088176
10.536000000 0.001085403
10.544000000 0.001082636
10.552000000 0.001079876
10.560000000 0.001077123
10.568000000 0.001074376
10.576000000 0.001071636
10.584000000 0.001068903
10.592000000 0.001066177
10.600000000 0.001063457
10.608000000 0.001060743
10.616000000 0.001058037
10.624000000 0.001055337
10.632000000 0.001052643
10.640000000 0.001049956
10.648000000 0.001047275
10.656000000 0.001044601
10.664000000 0.001041933
10.672000000 0.001039272
10.680000000 0.001036617
10.688000000 0.001033968
10.696000000 0.001031326
10.704000000 0.001028690
10.712000000 0.001026060
10.720000000 0.001023437
10.728000000 0.001020820
10.736000000 0.001018209
10.744000000 0.001015605
10.752000000 0.001013006
10.760000000 0.001010414
10.768000000 0.001007828
10.776000000 0.001005248
10.784000000 0.001002674
10.792000000 0.001000106
10.800000000 0.000997545
10.808000000 0.000994989
10.816000000 0.000992439
10.824000000 0.000989896
10.832000000 0.000987358
10.840000000 0.000984826
10.848000000 0.000982301
10.856000000 0.000979781
10.864000000 0.000977267
10.872000000 0.000974759
10.880000000 0.000972257
10.888000000 0.000969761
10.896000000 0.000967270
10.904000000 0.000964786
10.912000000 0.000962307
10.920000000 0.000959834
10.928000000 0.000957366
10.936000000 0.000954905
10.944000000 0.000952449
10.952000000 0.000949998
10.960000000 0.000947554
10.968000000 0.000945115
10.976000000 0.000942682
10.984000000 0.000940254
10.992000000 0.000937832
11.000000000 0.000935415
11.008000000 0.000933004
11.016000000 0.000930599
11.024000000 0.000928199
11.032000000 0.000925805
11.040000000 0.000923416
11.048000000 0.000921032
11.056000000 0.000918654
11.064000000 0.000916281
11.072000000 0.000913914
11.080000000 0.000911552
11.088000000 0.000909196
11.096000000 0.000906845
11.104000000 0.000904499
11.112000000 0.000902159
11.120000000 0.000899823
11.128000000 0.000897494
11.136000000 0.000895169
11.144000000 0.000892850
11.152000000 0.000890535
11.160000000 0.000888227
11.168000000 0.000885923
11.176000000 0.000883624
11.184000000 0.000881331
11.192000000 0.000879043
11.200000000 0.000876759
11.208000000 0.000874481
11.216000000 0.000872208
11.224000000 0.000869940
11.232000000 0.000867678
11.240000000 0.000865420
11.248000000 0.000863167
11.256000000 0.000860919
11.264000000 0.000858677
11.272000000 0.000856439
11.280000000 0.000854206
11.288000000 0.000851978
11.296000000 0.000849755
11.304000000 0.000847537
11.312000000 0.000845324
11.320000000 0.000843115
11.328000000 0.000840912
11.336000000 0.000838713
11.344000000 0.000836520
11.352000000 0.000834331
11.360000000 0.000832147
11.368000000 0.000829967
11.376000000 0.000827792
11.384000000 0.000825623
11.392000000 0.000823457
11.400000000 0.000821297
11.408000000 0.000819141
11.416000000 0.000816990
11.424000000 0.000814844
11.432000000 0.000812702
11.440000000 0.000810565
11.448000000 0.000808433
11.456000000 0.000806305
11.464000000 0.000804181
11.472000000 0.000802063
11.480000000 0.000799949
11.488000000 0.000797839
11.496000000 0.000795734
11.504000000 0.000793634
11.512000000 0.000791538
11.520000000 0.000789446
11.528000000 0.000787359
11.536000000 0.000785276
11.544000000 0.000783198
11.552000000 0.000781125
11.560000000 0.000779055
11.568000000 0.000776990
11.576000000 0.000774930
11.584000000 0.000772874
11.592000000 0.000770822
11.600000000 0.000768775
11.608000000 0.000766732
11.616000000 0.000764693
11.624000000 0.000762658
11.632000000 0.000760628
11.640000000 0.000758602
11.648000000 0.000756581
11.656000000 0.000754563
11.664000000 0.000752550
11.672000000 0.000750541
11.680000000 0.000748537
11.688000000 0.000746536
11.696000000 0.000744540
11.704000000 0.000742548
11.712000000 0.000740560
11.720000000 0.000738576
11.728000000 0.000736596
11.736000000 0.000734620
11.744000000 0.000732649
11.752000000 0.000730681
11.760000000 0.000728718
11.768000000 0.000726759
11.776000000 0.000724803
11.784000000 0.000722852
11.792000000 0.000720905
11.800000000 0.000718962
11.808000000 0.000717023
11.816000000 0.000715088
11.824000000 0.000713156
11.832000000 0.000711229
11.840000000 0.000709306
11.848000000 0.000707386
11.856000000 0.000705471
11.864000000 0.000703559
11.872000000 0.000701652
11.880000000 0.000699748
11.888000000 0.000697848
11.896000000 0.000695952
11.904000000 0.000694060
11.912000000 0.000692171
11.920000000 0.000690287
11.928000000 0.000688406
11.936000000 0.000686529
11.944000000 0.000684656
11.952000000 0.000682787
11.960000000 0.000680921
11.968000000 0.000679059
11.976000000 0.000677201
11.984000000 0.000675347
11.992000000 0.000673496
12.000000000 0.000671649
12.008000000 0.000669806
12.016000000 0.000667966
12.024000000 0.000666131
12.032000000 0.000664298
12.040000000 0.000662470
12.048000000 0.000660645
12.056000000 0.000658823
12.064000000 0.000657006
12.072000000 0.000655192
12.080000000 0.000653381
12.088000000 0.000651574
12.096000000 0.000649771
12.104000000 0.000647971
12.112000000 0.000646174
12.120000000 0.000644382
12.128000000 0.000642592
12.136000000 0.000640807
12.144000000 0.000639024
12.152000000 0.000637246
12.160000000 0.000635470
12.168000000 0.000633699
12.176000000 0.000631930
12.184000000 0.000630165
12.192000000 0.000628404
12.200000000 0.000626646
12.208000000 0.000624891
12.216000000 0.000623140
12.224000000 0.000621392
12.232000000 0.000619648
12.240000000 0.000617907
12.248000000 0.000616169
12.256000000 0.000614434
12.264000000 0.000612703
12.272000000 0.000610976
12.280000000 0.000609251
12.288000000 0.000607530
12.296000000 0.000605812
12.304000000 0.000604098
12.312000000 0.000602387
12.320000000 0.000600679
12.328000000 0.000598974
12.336000000 0.000597273
12.344000000 0.000595574
12.352000000 0.000593879
12.360000000 0.000592188
12.368000000 0.000590499
12.376000000 0.000588814
12.384000000 0.000587131
12.392000000 0.000585452
12.400000000 0.000583777
12.408000000 0.000582104
12.416000000 0.000580434
12.424000000 0.000578768
12.432000000 0.000577105
12.440000000 0.000575445
12.448000000 0.000573788
12.456000000 0.000572134
12.464000000 0.000570483
12.472000000 0.000568835
12.480000000 0.000567190
12.488000000 0.000565549
12.496000000 0.000563910
12.504000000 0.000562275
12.512000000 0.000560642
12.520000000 0.000559013
12.528000000 0.000557386
12.536000000 0.000555763
12.544000000 0.000554142
12.552000000 0.000552525
12.560000000 0.000550910
12.568000000 0.000549299
12.576000000 0.000547690
12.584000000 0.000546084
12.592000000 0.000544482
12.600000000 0.000542882
12.608000000 0.000541285
12.616000000 0.000539691
12.624000000 0.000538100
12.632000000 0.000536512
12.640000000 0.000534927
12.648000000 0.000533345
12.656000000 0.000531765
12.664000000 0.000530188
12.672000000 0.000528615
12.680000000 0.000527044
12.688000000 0.000525476
12.696000000 0.000523910
12.704000000 0.000522348
12.712000000 0.000520788
12.720000000 0.000519231
12.728000000 0.000517677
12.736000000 0.000516126
12.744000000 0.000514578
12.752000000 0.000513032
12.760000000 0.000511489
12.768000000 0.000509949
12.776000000 0.000508411
12.784000000 0.000506877
12.792000000 0.000505345
12.800000000 0.000503815
12.808000000 0.000502289
12.816000000 0.000500765
12.824000000 0.000499244
12.832000000 0.000497725
12.840000000 0.000496209
12.848000000 0.000494696
12.856000000 0.000493185
12.864000000 0.000491678
12.872000000 0.000490172
12.880000000 0.000488670
12.888000000 0.000487170
12.896000000 0.000485672
12.904000000 0.000484178
12.912000000 0.000482685
12.920000000 0.000481196
12.928000000 0.000479709
12.936000000 0.000478225
12.944000000 0.000476743
12.952000000 0.000475263
12.960000000 0.000473787
12.968000000 0.000472313
12.976000000 0.000470841
12.984000000 0.000469372
12.992000000 0.000467905
13.000000000 0.000466441
13.008000000 0.000464980
13.016000000 0.000463521
13.024000000 0.000462064
13.032000000 0.000460610
13.040000000 0.000459158
13.048000000 0.000457709
13.056000000 0.000456263
13.064000000 0.000454819
13.072000000 0.000453377
13.080000000 0.000451937
13.088000000 0.000450501
13.096000000 0.000449066
13.104000000 0.000447634
13.112000000 0.000446205
13.120000000 0.000444777
13.128000000 0.000443353
13.136000000 0.000441930
13.144000000 0.000440510
13.152000000 0.000439092
13.160000000 0.000437677
13.168000000 0.000436264
13.176000000 0.000434854
13.184000000 0.000433445
13.192000000 0.000432039
13.200000000 0.000430636
13.208000000 0.000429235
13.216000000 0.000427836
13.224000000 0.000426439
13.232000000 0.000425045
13.240000000 0.000423653
13.248000000 0.000422263
13.256000000 0.000420875
13.264000000 0.000419490
13.272000000 0.000418107
13.280000000 0.000416727
13.288000000 0.000415348
13.296000000 0.000413972
13.304000000 0.000412598
13.312000000 0.000411227
13.320000000 0.000409857
13.328000000 0.000408490
13.336000000 0.000407125
13.344000000 0.000405762
13.352000000 0.000404402
13.360000000 0.000403043
13.368000000 0.000401687
13.376000000 0.000400333
13.384000000 0.000398981
13.392000000 0.000397631
13.400000000 0.000396284
13.408000000 0.000394939
13.416000000 0.000393595
13.424000000 0.000392254
13.432000000 0.000390915
13.440000000 0.000389578
13.448000000 0.000388244
13.456000000 0.000386911
13.464000000 0.000385581
13.472000000 0.000384252
13.480000000 0.000382926
13.488000000 0.000381602
13.496000000 0.000380280
13.504000000 0.000378960
13.512000000 0.000377642
13.520000000 0.000376326
13.528000000 0.000375012
13.536000000 0.000373700
13.544000000 0.000372391
13.552000000 0.000371083
13.560000000 0.000369777
13.568000000 0.000368474
13.576000000 0.000367172
13.584000000 0.000365872
13.592000000 0.000364575
13.600000000 0.000363279
13.608000000 0.000361986
13.616000000 0.000360694
13.624000000 0.000359404
13.632000000 0.000358117
13.640000000 0.000356831
13.648000000 0.000355547
13.656000000 0.000354266
13.664000000 0.000352986
13.672000000 0.000351708
13.680000000 0.000350432
13.688000000 0.000349158
13.696000000 0.000347886
13.704000000 0.000346616
13.712000000 0.000345348
13.720000000 0.000344082
13.728000000 0.000342817
13.736000000 0.000341555
13.744000000 0.000340294
13.752000000 0.000339036
13.760000000 0.000337779
13.768000000 0.000336524
13.776000000 0.000335271
13.784000000 0.000334020
13.792000000 0.000332770
13.800000000 0.000331523
13.808000000 0.000330277
13.816000000 0.000329033
13.824000000 0.000327791
13.832000000 0.000326551
13.840000000 0.000325313
13.848000000 0.000324077
13.856000000 0.000322842
13.864000000 0.000321609
13.872000000 0.000320378
13.880000000 0.000319149
13.888000000 0.000317921
13.896000000 0.000316696
13.904000000 0.000315472
13.912000000 0.000314250
13.920000000 0.000313030
13.928000000 0.000311811
13.936000000 0.000310594
13.944000000 0.000309379
13.952000000 0.000308166
13.960000000 0.000306954
13.968000000 0.000305745
13.976000000 0.000304537
13.984000000 0.000303330
13.992000000 0.000302126
14.000000000 0.000300923
14.008000000 0.000299721
14.016000000 0.000298522
14.024000000 0.000297324
14.032000000 0.000296128
14.040000000 0.000294934
14.048000000 0.000293741
14.056000000 0.000292550
14.064000000 0.000291361
14.072000000 0.000290173
14.080000000 0.000288987
14.088000000 0.000287803
14.096000000 0.000286620
14.104000000 0.000285439
14.112000000 0.000284259
14.120000000 0.000283082
14.128000000 0.000281905
14.136000000 0.000280731
14.144000000 0.000279558
14.152000000 0.000278387
14.160000000 0.000277217
14.168000000 0.000276049
14.176000000 0.000274883
14.184000000 0.000273718
14.192000000 0.000272554
14.200000000 0.000271393
14.208000000 0.000270233
14.216000000 0.000269074
14.224000000 0.000267917
14.232000000 0.000266762
14.240000000 0.000265608
14.248000000 0.000264456
14.256000000 0.000263305
14.264000000 0.000262156
14.272000000 0.000261008
14.280000000 0.000259862
14.288000000 0.000258718
14.296000000 0.000257575
14.304000000 0.000256433
14.312000000 0.000255293
14.320000000 0.000254155
14.328000000 0.000253018
14.336000000 0.000251883
14.344000000 0.000250749
14.352000000 0.000249616
14.360000000 0.000248485
14.368000000 0.000247356
14.376000000 0.000246228
14.384000000 0.000245101
14.392000000 0.000243976
14.400000000 0.000242853
14.408000000 0.000241731
14.416000000 0.000240610
14.424000000 0.000239491
14.432000000 0.000238373
14.440000000 0.000237257
14.448000000 0.000236142
14.456000000 0.000235028
14.464000000 0.000233916
14.472000000 0.000232806
14.480000000 0.000231697
14.488000000 0.000230589
14.496000000 0.000229483
14.504000000 0.000228378
14.512000000 0.000227274
14.520000000 0.000226172
14.528000000 0.000225071
14.536000000 0.000223972
14.544000000 0.000222874
14.552000000 0.000221777
14.560000000 0.000220682
14.568000000 0.000219588
14.576000000 0.000218496
14.584000000 0.000217405
14.592000000 0.000216315
14.600000000 0.000215226
14.608000000 0.000214139
14.616000000 0.000213054
14.624000000 0.000211969
14.632000000 0.000210886
14.640000000 0.000209804
14.648000000 0.000208724
14.656000000 0.000207645
14.664000000 0.000206567
14.672000000 0.000205491
14.680000000 0.000204416
14.688000000 0.000203342
14.696000000 0.000202269
14.704000000 0.000201198
14.712000000 0.000200128
14.720000000 0.000199059
14.728000000 0.000197992
14.736000000 0.000196926
14.744000000 0.000195861
14.752000000 0.000194798
14.760000000 0.000193735
14.768000000 0.000192674
14.776000000 0.000191614
14.784000000 0.000190556
14.792000000 0.000189499
14.800000000 0.000188443
14.808000000 0.000187388
14.816000000 0.000186334
14.824000000 0.000185282
14.832000000 0.000184231
14.840000000 0.000183181
14.848000000 0.000182132
14.856000000 0.000181085
14.864000000 0.000180038
14.872000000 0.000178993
14.880000000 0.000177950
14.888000000 0.000176907
14.896000000 0.000175865
14.904000000 0.000174825
14.912000000 0.000173786
14.920000000 0.000172748
14.928000000 0.000171711
14.936000000 0.000170676
14.944000000 0.000169641
14.952000000 0.000168608
14.960000000 0.000167576
14.968000000 0.000166545
14.976000000 0.000165516
14.984000000 0.000164487
14.992000000 0.000163459
15.000000000 0.000162433
15.008000000 0.000161408
15.016000000 0.000160384
15.024000000 0.000159361
15.032000000 0.000158339
15.040000000 0.000157318
15.048000000 0.000156299
15.056000000 0.000155280
15.064000000 0.000154263
15.072000000 0.000153247
15.080000000 0.000152232
15.088000000 0.000151217
15.096000000 0.000150205
15.104000000 0.000149193
15.112000000 0.000148182
15.120000000 0.000147172
15.128000000 0.000146163
15.136000000 0.000145156
15.144000000 0.000144149
15.152000000 0.000143144
15.160000000 0.000142140
15.168000000 0.000141136
15.176000000 0.000140134
15.184000000 0.000139133
15.192000000 0.000138132
15.200000000 0.000137133
15.208000000 0.000136135
15.216000000 0.000135138
15.224000000 0.000134142
15.232000000 0.000133147
15.240000000 0.000132153
15.248000000 0.000131160
15.256000000 0.000130168
15.264000000 0.000129177
15.272000000 0.000128187
15.280000000 0.000127198
15.288000000 0.000126210
15.296000000 0.000125223
15.304000000 0.000124237
15.312000000 0.000123252
15.320000000 0.000122268
15.328000000 0.000121285
15.336000000 0.000120303
15.344000000 0.000119322
15.352000000 0.000118342
15.360000000 0.000117363
15.368000000 0.000116384
15.376000000 0.000115407
15.384000000 0.000114431
15.392000000 0.000113456
15.400000000 0.000112481
15.408000000 0.000111508
15.416000000 0.000110535
15.424000000 0.000109564
15.432000000 0.000108593
15.440000000 0.000107623
15.448000000 0.000106654
15.456000000 0.000105686
15.464000000 0.000104719
15.472000000 0.000103753
15.480000000 0.000102788
15.488000000 0.000101824
15.496000000 0.000100861
15.504000000 0.000099898
15.512000000 0.000098936
15.520000000 0.000097976
15.528000000 0.000097016
15.536000000 0.000096057
15.544000000 0.000095099
15.552000000 0.000094142
15.560000000 0.000093185
15.568000000 0.000092230
15.576000000 0.000091275
15.584000000 0.000090322
15.592000000 0.000089369
15.600000000 0.000088417
15.608000000 0.000087466
15.616000000 0.000086515
15.624000000 0.000085566
15.632000000 0.000084617
15.640000000 0.000083669
15.648000000 0.000082722
15.656000000 0.000081776
15.664000000 0.000080831
15.672000000 0.000079886
15.680000000 0.000078942
15.688000000 0.000078000
15.696000000 0.000077057
15.704000000 0.000076116
15.712000000 0.000075176
15.720000000 0.000074236
15.728000000 0.000073297
15.736000000 0.000072359
15.744000000 0.000071422
15.752000000 0.000070485
15.760000000 0.000069549
15.768000000 0.000068614
15.776000000 0.000067680
15.784000000 0.000066746
15.792000000 0.000065814
15.800000000 0.000064882
15.808000000 0.000063951
15.816000000 0.000063020
15.824000000 0.000062091
15.832000000 0.000061162
15.840000000 0.000060233
15.848000000 0.000059306
15.856000000 0.000058379
15.864000000 0.000057453
15.872000000 0.000056528
15.880000000 0.000055603
15.888000000 0.000054680
15.896000000 0.000053756
15.904000000 0.000052834
15.912000000 0.000051912
15.920000000 0.000050991
15.928000000 0.000050071
15.936000000 0.000049151
15.944000000 0.000048233
15.952000000 0.000047314
15.960000000 0.000046397
15.968000000 0.000045480
15.976000000 0.000044564
15.984000000 0.000043648
15.992000000 0.000042734
16.000000000 0.000041819
16.008000000 0.000040906
16.016000000 0.000039993
16.024000000 0.000039081
16.032000000 0.000038170
16.040000000 0.000037259
16.048000000 0.000036349
16.056000000 0.000035439
16.064000000 0.000034530
16.072000000 0.000033622
16.080000000 0.000032714
16.088000000 0.000031807
16.096000000 0.000030901
16.104000000 0.000029995
16.112000000 0.000029090
16.120000000 0.000028185
16.128000000 0.000027282
16.136000000 0.000026378
16.144000000 0.000025476
16.152000000 0.000024573
16.160000000 0.000023672
16.168000000 0.000022771
16.176000000 0.000021871
16.184000000 0.000020971
16.192000000 0.000020072
16.200000000 0.000019173
16.208000000 0.000018275
16.216000000 0.000017378
16.224000000 0.000016481
16.232000000 0.000015585
16.240000000 0.000014689
16.248000000 0.000013794
16.256000000 0.000012899
16.264000000 0.000012005
16.272000000 0.000011112
16.280000000 0.000010219
16.288000000 0.000009326
16.296000000 0.000008434
16.304000000 0.000007543
16.312000000 0.000006652
16.320000000 0.000005762
16.328000000 0.000004872
16.336000000 0.000003983
16.344000000 0.000003094
16.352000000 0.000002206
16.360000000 0.000001318
16.368000000 0.000000431
16.376000000 -0.000000456
16.384000000 -0.000001342
16.392000000 -0.000002228
16.400000000 -0.000003113
16.408000000 -0.000003998
16.416000000 -0.000004882
16.424000000 -0.000005766
16.432000000 -0.000006649
16.440000000 -0.000007532
16.448000000 -0.000008414
16.456000000 -0.000009296
16.464000000 -0.000010178
16.472000000 -0.000011059
16.480000000 -0.000011939
16.488000000 -0.000012819
16.496000000 -0.000013699
16.504000000 -0.000014578
16.512000000 -0.000015457
16.520000000 -0.000016335
16.528000000 -0.000017213
16.536000000 -0.000018091
16.544000000 -0.000018968
16.552000000 -0.000019845
16.560000000 -0.000020721
16.568000000 -0.000021597
16.576000000 -0.000022472
16.584000000 -0.000023347
16.592000000 -0.000024222
16.600000000 -0.000025096
16.608000000 -0.000025970
16.616000000 -0.000026843
16.624000000 -0.000027716
16.632000000 -0.000028589
16.640000000 -0.000029461
16.648000000 -0.000030333
16.656000000 -0.000031205
16.664000000 -0.000032076
16.672000000 -0.000032947
16.680000000 -0.000033817
16.688000000 -0.000034687
16.696000000 -0.000035557
16.704000000 -0.000036426
16.712000000 -0.000037295
16.720000000 -0.000038164
16.728000000 -0.000039033
16.736000000 -0.000039901
16.744000000 -0.000040768
16.752000000 -0.000041636
16.760000000 -0.000042503
16.768000000 -0.000043370
16.776000000 -0.000044236
16.784000000 -0.000045102
16.792000000 -0.000045968
16.800000000 -0.000046834
16.808000000 -0.000047699
16.816000000 -0.000048564
16.824000000 -0.000049428
16.832000000 -0.000050293
16.840000000 -0.000051157
16.848000000 -0.000052021
16.856000000 -0.000052884
16.864000000 -0.000053748
16.872000000 -0.000054611
16.880000000 -0.000055473
16.888000000 -0.000056336
16.896000000 -0.000057198
16.904000000 -0.000058060
16.912000000 -0.000058922
16.920000000 -0.000059783
16.928000000 -0.000060645
16.936000000 -0.000061506
16.944000000 -0.000062367
16.952000000 -0.000063227
16.960000000 -0.000064088
16.968000000 -0.000064948
16.976000000 -0.000065808
16.984000000 -0.000066667
16.992000000 -0.000067527
17.000000000 -0.000068386
17.008000000 -0.000069245
17.016000000 -0.000070104
17.024000000 -0.000070963
17.032000000 -0.000071822
17.040000000 -0.000072680
17.048000000 -0.000073538
17.056000000 -0.000074396
17.064000000 -0.000075254
17.072000000 -0.000076112
17.080000000 -0.000076969
17.088000000 -0.000077827
17.096000000 -0.000078684
17.104000000 -0.000079541
17.112000000 -0.000080398
17.120000000 -0.000081255
17.128000000 -0.000082112
17.136000000 -0.000082968
17.144000000 -0.000083825
17.152000000 -0.000084681
17.160000000 -0.000085537
17.168000000 -0.000086393
17.176000000 -0.000087249
17.184000000 -0.000088105
17.192000000 -0.000088961
17.200000000 -0.000089817
17.208000000 -0.000090672
17.216000000 -0.000091528
17.224000000 -0.000092383
17.232000000 -0.000093239
17.240000000 -0.000094094
17.248000000 -0.000094949
17.256000000 -0.000095804
17.264000000 -0.000096660
17.272000000 -0.000097515
17.280000000 -0.000098370
17.288000000 -0.000099225
17.296000000 -0.000100080
17.304000000 -0.000100935
17.312000000 -0.000101789
17.320000000 -0.000102644
17.328000000 -0.000103499
17.336000000 -0.000104354
17.344000000 -0.000105209
17.352000000 -0.000106064
17.360000000 -0.000106918
17.368000000 -0.000107773
17.376000000 -0.000108628
17.384000000 -0.000109483
17.392000000 -0.000110338
17.400000000 -0.000111193
17.408000000 -0.000112048
17.416000000 -0.000112902
17.424000000 -0.000113757
17.432000000 -0.000114612
17.440000000 -0.000115468
17.448000000 -0.000116323
17.456000000 -0.000117178
17.464000000 -0.000118033
17.472000000 -0.000118888
17.480000000 -0.000119744
17.488000000 -0.000120599
17.496000000 -0.000121455
17.504000000 -0.000122310
17.512000000 -0.000123166
17.520000000 -0.000124022
17.528000000 -0.000124878
17.536000000 -0.000125734
17.544000000 -0.000126590
17.552000000 -0.000127446
17.560000000 -0.000128303
17.568000000 -0.000129159
17.576000000 -0.000130016
17.584000000 -0.000130873
17.592000000 -0.000131730
17.600000000 -0.000132587
17.608000000 -0.000133444
17.616000000 -0.000134302
17.624000000 -0.000135159
17.632000000 -0.000136017
17.640000000 -0.000136875
17.648000000 -0.000137733
17.656000000 -0.000138591
17.664000000 -0.000139450
17.672000000 -0.000140309
17.680000000 -0.000141168
17.688000000 -0.000142027
17.696000000 -0.000142886
17.704000000 -0.000143746
17.712000000 -0.000144605
17.720000000 -0.000145465
17.728000000 -0.000146326
17.736000000 -0.000147186
17.744000000 -0.000148047
17.752000000 -0.000148908
17.760000000 -0.000149769
17.768000000 -0.000150631
17.776000000 -0.000151493
17.784000000 -0.000152355
17.792000000 -0.000153218
17.800000000 -0.000154080
17.808000000 -0.000154943
17.816000000 -0.000155807
17.824000000 -0.000156670
17.832000000 -0.000157534
17.840000000 -0.000158399
17.848000000 -0.000159263
17.856000000 -0.000160128
17.864000000 -0.000160994
17.872000000 -0.000161859
17.880000000 -0.000162725
17.888000000 -0.000163592
17.896000000 -0.000164458
17.904000000 -0.000165326
17.912000000 -0.000166193
17.920000000 -0.000167061
17.928000000 -0.000167929
17.936000000 -0.000168798
17.944000000 -0.000169667
17.952000000 -0.000170537
17.960000000 -0.000171407
17.968000000 -0.000172277
17.976000000 -0.000173148
17.984000000 -0.000174019
17.992000000 -0.000174891
18.000000000 -0.000175763
18.008000000 -0.000176636
18.016000000 -0.000177509
18.024000000 -0.000178383
18.032000000 -0.000179257
18.040000000 -0.000180131
18.048000000 -0.000181007
18.056000000 -0.000181882
18.064000000 -0.000182758
18.072000000 -0.000183635
18.080000000 -0.000184512
18.088000000 -0.000185390
18.096000000 -0.000186268
18.104000000 -0.000187147
18.112000000 -0.000188026
18.120000000 -0.000188906
18.128000000 -0.000189787
18.136000000 -0.000190668
18.144000000 -0.000191550
18.152000000 -0.000192432
18.160000000 -0.000193315
18.168000000 -0.000194199
18.176000000 -0.000195083
18.184000000 -0.000195968
18.192000000 -0.000196853
18.200000000 -0.000197739
18.208000000 -0.000198626
18.216000000 -0.000199513
18.224000000 -0.000200401
18.232000000 -0.000201290
18.240000000 -0.000202180
18.248000000 -0.000203070
18.256000000 -0.000203961
18.264000000 -0.000204852
18.272000000 -0.000205744
18.280000000 -0.000206638
18.288000000 -0.000207531
18.296000000 -0.000208426
18.304000000 -0.000209321
18.312000000 -0.000210217
18.320000000 -0.000211114
18.328000000 -0.000212012
18.336000000 -0.000212910
18.344000000 -0.000213809
18.352000000 -0.000214709
18.360000000 -0.000215610
18.368000000 -0.000216512
18.376000000 -0.000217414
18.384000000 -0.000218318
18.392000000 -0.000219222
18.400000000 -0.000220127
18.408000000 -0.000221033
18.416000000 -0.000221940
18.424000000 -0.000222848
18.432000000 -0.000223756
18.440000000 -0.000224666
18.448000000 -0.000225576
18.456000000 -0.000226488
18.464000000 -0.000227400
18.472000000 -0.000228314
18.480000000 -0.000229228
18.488000000 -0.000230143
18.496000000 -0.000231059
18.504000000 -0.000231977
18.512000000 -0.000232895
18.520000000 -0.000233814
18.528000000 -0.000234735
18.536000000 -0.000235656
18.544000000 -0.000236578
18.552000000 -0.000237502
18.560000000 -0.000238426
18.568000000 -0.000239352
18.576000000 -0.000240279
18.584000000 -0.000241207
18.592000000 -0.000242135
18.600000000 -0.000243065
18.608000000 -0.000243997
18.616000000 -0.000244929
18.624000000 -0.000245862
18.632000000 -0.000246797
18.640000000 -0.000247733
18.648000000 -0.000248670
18.656000000 -0.000249608
18.664000000 -0.000250547
18.672000000 -0.000251488
18.680000000 -0.000252430
18.688000000 -0.000253373
18.696000000 -0.000254317
18.704000000 -0.000255263
18.712000000 -0.000256210
18.720000000 -0.000257158
18.728000000 -0.000258108
18.736000000 -0.000259058
18.744000000 -0.000260011
18.752000000 -0.000260964
18.760000000 -0.000261919
18.768000000 -0.000262875
18.776000000 -0.000263833
18.784000000 -0.000264791
18.792000000 -0.000265752
18.800000000 -0.000266713
18.808000000 -0.000267677
18.816000000 -0.000268641
18.824000000 -0.000269607
18.832000000 -0.000270574
18.840000000 -0.000271543
18.848000000 -0.000272514
18.856000000 -0.000273486
18.864000000 -0.000274459
18.872000000 -0.000275434
18.880000000 -0.000276410
18.888000000 -0.000277388
18.896000000 -0.000278367
18.904000000 -0.000279348
18.912000000 -0.000280331
18.920000000 -0.000281315
18.928000000 -0.000282301
18.936000000 -0.000283288
18.944000000 -0.000284277
18.952000000 -0.000285267
18.960000000 -0.000286259
18.968000000 -0.000287253
18.976000000 -0.000288249
18.984000000 -0.000289246
18.992000000 -0.000290244
19.000000000 -0.000291245
19.008000000 -0.000292247
19.016000000 -0.000293251
19.024000000 -0.000294256
19.032000000 -0.000295263
19.040000000 -0.000296272
19.048000000 -0.000297283
19.056000000 -0.000298295
19.064000000 -0.000299309
19.072000000 -0.000300325
19.080000000 -0.000301343
19.088000000 -0.000302362
19.096000000 -0.000303383
19.104000000 -0.000304406
19.112000000 -0.000305431
19.120000000 -0.000306458
19.128000000 -0.000307486
19.136000000 -0.000308516
19.144000000 -0.000309548
19.152000000 -0.000310582
19.160000000 -0.000311617
19.168000000 -0.000312655
19.176000000 -0.000313694
19.184000000 -0.000314735
19.192000000 -0.000315778
19.200000000 -0.000316823
19.208000000 -0.000317869
19.216000000 -0.000318918
19.224000000 -0.000319968
19.232000000 -0.000321020
19.240000000 -0.000322074
19.248000000 -0.000323130
19.256000000 -0.000324188
19.264000000 -0.000325247
19.272000000 -0.000326308
19.280000000 -0.000327372
19.288000000 -0.000328436
19.296000000 -0.000329503
19.304000000 -0.000330572
19.312000000 -0.000331642
19.320000000 -0.000332714
19.328000000 -0.000333788
19.336000000 -0.000334864
19.344000000 -0.000335941
19.352000000 -0.000337021
19.360000000 -0.000338102
19.368000000 -0.000339184
19.376000000 -0.000340269
19.384000000 -0.000341355
19.392000000 -0.000342443
19.400000000 -0.000343532
19.408000000 -0.000344623
19.416000000 -0.000345716
19.424000000 -0.000346810
19.432000000 -0.000347906
19.440000000 -0.000349004
19.448000000 -0.000350103
19.456000000 -0.000351203
19.464000000 -0.000352305
19.472000000 -0.000353409
19.480000000 -0.000354514
19.488000000 -0.000355620
19.496000000 -0.000356728
19.504000000 -0.000357837
19.512000000 -0.000358947
19.520000000 -0.000360058
19.528000000 -0.000361171
19.536000000 -0.000362285
19.544000000 -0.000363400
19.552000000 -0.000364516
19.560000000 -0.000365633
19.568000000 -0.000366751
19.576000000 -0.000367871
19.584000000 -0.000368991
19.592000000 -0.000370111
19.600000000 -0.000371233
19.608000000 -0.000372356
19.616000000 -0.000373479
19.624000000 -0.000374602
19.632000000 -0.000375727
19.640000000 -0.000376851
19.648000000 -0.000377977
19.656000000 -0.000379102
19.664000000 -0.000380228
19.672000000 -0.000381354
19.680000000 -0.000382481
19.688000000 -0.000383607
19.696000000 -0.000384734
19.704000000 -0.000385860
19.712000000 -0.000386987
19.720000000 -0.000388113
19.728000000 -0.000389239
19.736000000 -0.000390364
19.744000000 -0.000391489
19.752000000 -0.000392614
19.760000000 -0.000393738
19.768000000 -0.000394861
19.776000000 -0.000395984
19.784000000 -0.000397105
19.792000000 -0.000398226
19.800000000 -0.000399346
19.808000000 -0.000400464
19.816000000 -0.000401581
19.824000000 -0.000402697
19.832000000 -0.000403812
19.840000000 -0.000404925
19.848000000 -0.000406036
19.856000000 -0.000407146
19.864000000 -0.000408253
19.872000000 -0.000409359
19.880000000 -0.000410463
19.888000000 -0.000411565
19.896000000 -0.000412664
19.904000000 -0.000413761
19.912000000 -0.000414856
19.920000000 -0.000415948
19.928000000 -0.000417037
19.936000000 -0.000418124
19.944000000 -0.000419207
19.952000000 -0.000420288
19.960000000 -0.000421366
19.968000000 -0.000422440
19.976000000 -0.000423511
19.984000000 -0.000424579
19.992000000 -0.000425643
20.000000000 -0.000426704
