-0.000000000 1.062880189
0.008000000 1.062792470
0.016000000 1.062529381
0.024000000 1.062091126
0.032000000 1.061478043
0.040000000 1.060690606
0.048000000 1.059729421
0.056000000 1.058595229
0.064000000 1.057288901
0.072000000 1.055811436
0.080000000 1.054163962
0.088000000 1.052347733
0.096000000 1.050364125
0.104000000 1.048214635
0.112000000 1.045900878
0.120000000 1.043424584
0.128000000 1.040787593
0.136000000 1.037991856
0.144000000 1.035039426
0.152000000 1.031932461
0.160000000 1.028673211
0.168000000 1.025264025
0.176000000 1.021707338
0.184000000 1.018005670
0.192000000 1.014161625
0.200000000 1.010177880
0.208000000 1.006057188
0.216000000 1.001802366
0.224000000 0.997416298
0.232000000 0.992901924
0.240000000 0.988262240
0.248000000 0.983500291
0.256000000 0.978619167
0.264000000 0.973621999
0.272000000 0.968511955
0.280000000 0.963292233
0.288000000 0.957966059
0.296000000 0.952536683
0.304000000 0.947007372
0.312000000 0.941381409
0.320000000 0.935662086
0.328000000 0.929852701
0.336000000 0.923956556
0.344000000 0.917976951
0.352000000 0.911917180
0.360000000 0.905780528
0.368000000 0.899570269
0.376000000 0.893289661
0.384000000 0.886941941
0.392000000 0.880530326
0.400000000 0.874058009
0.408000000 0.867528152
0.416000000 0.860943888
0.424000000 0.854308319
0.432000000 0.847624508
0.440000000 0.840895481
0.448000000 0.834124225
0.456000000 0.827313686
0.464000000 0.820466763
0.472000000 0.813586311
0.480000000 0.806675139
0.488000000 0.799736005
0.496000000 0.792771619
0.504000000 0.785784637
0.512000000 0.778777666
0.520000000 0.771753258
0.528000000 0.764713909
0.536000000 0.757662063
0.544000000 0.750600107
0.552000000 0.743530371
0.560000000 0.736455131
0.568000000 0.729376603
0.576000000 0.722296948
0.584000000 0.715218269
0.592000000 0.708142611
0.600000000 0.701071963
0.608000000 0.694008255
0.616000000 0.686953362
0.624000000 0.679909102
0.632000000 0.672877234
0.640000000 0.665859464
0.648000000 0.658857440
0.656000000 0.651872757
0.664000000 0.644906954
0.672000000 0.637961516
0.680000000 0.631037876
0.688000000 0.624137412
0.696000000 0.617261453
0.704000000 0.610411273
0.712000000 0.603588100
0.720000000 0.596793110
0.728000000 0.590027429
0.736000000 0.583292139
0.744000000 0.576588271
0.752000000 0.569916813
0.760000000 0.563278706
0.768000000 0.556674847
0.776000000 0.550106091
0.784000000 0.543573249
0.792000000 0.537077093
0.800000000 0.530618352
0.808000000 0.524197717
0.816000000 0.517815840
0.824000000 0.511473337
0.832000000 0.505170787
0.840000000 0.498908731
0.848000000 0.492687678
0.856000000 0.486508104
0.864000000 0.480370450
0.872000000 0.474275127
0.880000000 0.468222515
0.888000000 0.462212962
0.896000000 0.456246791
0.904000000 0.450324294
0.912000000 0.444445736
0.920000000 0.438611357
0.928000000 0.432821370
0.936000000 0.427075966
0.944000000 0.421375308
0.952000000 0.415719541
0.960000000 0.410108784
0.968000000 0.404543136
0.976000000 0.399022676
0.984000000 0.393547462
0.992000000 0.388117534
1.000000000 0.382732912
1.008000000 0.377393601
1.016000000 0.372099586
1.024000000 0.366850837
1.032000000 0.361647309
1.040000000 0.356488942
1.048000000 0.351375659
1.056000000 0.346307372
1.064000000 0.341283980
1.072000000 0.336305367
1.080000000 0.331371406
1.088000000 0.326481959
1.096000000 0.321636877
1.104000000 0.316836000
1.112000000 0.312079158
1.120000000 0.307366172
1.128000000 0.302696853
1.136000000 0.298071004
1.144000000 0.293488421
1.152000000 0.288948889
1.160000000 0.284452190
1.168000000 0.279998096
1.176000000 0.275586374
1.184000000 0.271216783
1.192000000 0.266889079
1.200000000 0.262603010
1.208000000 0.258358321
1.216000000 0.254154750
1.224000000 0.249992032
1.232000000 0.245869899
1.240000000 0.241788076
1.248000000 0.237746287
1.256000000 0.233744252
1.264000000 0.229781687
1.272000000 0.225858307
1.280000000 0.221973824
1.288000000 0.218127946
1.296000000 0.214320380
1.304000000 0.210550832
1.312000000 0.206819006
1.320000000 0.203124604
1.328000000 0.199467325
1.336000000 0.195846871
1.344000000 0.192262941
1.352000000 0.188715231
1.360000000 0.185203440
1.368000000 0.181727265
1.376000000 0.178286403
1.384000000 0.174880551
1.392000000 0.171509404
1.400000000 0.168172661
1.408000000 0.164870018
1.416000000 0.161601172
1.424000000 0.158365822
1.432000000 0.155163666
1.440000000 0.151994404
1.448000000 0.148857734
1.456000000 0.145753359
1.464000000 0.142680981
1.472000000 0.139640301
1.480000000 0.136631024
1.488000000 0.133652856
1.496000000 0.130705502
1.504000000 0.127788672
1.512000000 0.124902073
1.520000000 0.122045418
1.528000000 0.119218417
1.536000000 0.116420786
1.544000000 0.113652239
1.552000000 0.110912494
1.560000000 0.108201269
1.568000000 0.105518286
1.576000000 0.102863266
1.584000000 0.100235934
1.592000000 0.097636017
1.600000000 0.095063242
1.608000000 0.092517338
1.616000000 0.089998039
1.624000000 0.087505078
1.632000000 0.085038191
1.640000000 0.082597116
1.648000000 0.080181593
1.656000000 0.077791364
1.664000000 0.075426172
1.672000000 0.073085765
1.680000000 0.070769891
1.688000000 0.068478299
1.696000000 0.066210743
1.704000000 0.063966976
1.712000000 0.061746757
1.720000000 0.059549843
1.728000000 0.057375995
1.736000000 0.055224978
1.744000000 0.053096555
1.752000000 0.050990495
1.760000000 0.048906567
1.768000000 0.046844543
1.776000000 0.044804197
1.784000000 0.042785304
1.792000000 0.040787643
1.800000000 0.038810994
1.808000000 0.036855140
1.816000000 0.034919864
1.824000000 0.033004953
1.832000000 0.031110196
1.840000000 0.029235383
1.848000000 0.027380308
1.856000000 0.025544766
1.864000000 0.023728552
1.872000000 0.021931467
1.880000000 0.020153310
1.888000000 0.018393886
1.896000000 0.016652999
1.904000000 0.014930456
1.912000000 0.013226066
1.920000000 0.011539641
1.928000000 0.009870992
1.936000000 0.008219936
1.944000000 0.006586288
1.952000000 0.004969868
1.960000000 0.003370496
1.968000000 0.001787994
1.976000000 0.000222188
1.984000000 -0.001327097
1.992000000 -0.002860032
2.000000000 -0.004376788
2.008000000 -0.005877533
2.016000000 -0.007362433
2.024000000 -0.008831653
2.032000000 -0.010285356
2.040000000 -0.011723702
2.048000000 -0.013146852
2.056000000 -0.014554963
2.064000000 -0.015948191
2.072000000 -0.017326690
2.080000000 -0.018690613
2.088000000 -0.020040110
2.096000000 -0.021375332
2.104000000 -0.022696425
2.112000000 -0.024003535
2.120000000 -0.025296808
2.128000000 -0.026576386
2.136000000 -0.027842410
2.144000000 -0.029095021
2.152000000 -0.030334355
2.160000000 -0.031560550
2.168000000 -0.032773742
2.176000000 -0.033974063
2.184000000 -0.035161647
2.192000000 -0.036336623
2.200000000 -0.037499121
2.208000000 -0.038649270
2.216000000 -0.039787194
2.224000000 -0.040913021
2.232000000 -0.042026873
2.240000000 -0.043128872
2.248000000 -0.044219140
2.256000000 -0.045297796
2.264000000 -0.046364959
2.272000000 -0.047420746
2.280000000 -0.048465271
2.288000000 -0.049498651
2.296000000 -0.050520997
2.304000000 -0.051532423
2.312000000 -0.052533037
2.320000000 -0.053522951
2.328000000 -0.054502272
2.336000000 -0.055471107
2.344000000 -0.056429562
2.352000000 -0.057377742
2.360000000 -0.058315750
2.368000000 -0.059243689
2.376000000 -0.060161659
2.384000000 -0.061069762
2.392000000 -0.061968096
2.400000000 -0.062856758
2.408000000 -0.063735847
2.416000000 -0.064605457
2.424000000 -0.065465684
2.432000000 -0.066316620
2.440000000 -0.067158359
2.448000000 -0.067990993
2.456000000 -0.068814611
2.464000000 -0.069629304
2.472000000 -0.070435160
2.480000000 -0.071232266
2.488000000 -0.072020711
2.496000000 -0.072800578
2.504000000 -0.073571954
2.512000000 -0.074334921
2.520000000 -0.075089563
2.528000000 -0.075835962
2.536000000 -0.076574200
2.544000000 -0.077304355
2.552000000 -0.078026509
2.560000000 -0.078740738
2.568000000 -0.079447122
2.576000000 -0.080145736
2.584000000 -0.080836657
2.592000000 -0.081519960
2.600000000 -0.082195719
2.608000000 -0.082864008
2.616000000 -0.083524899
2.624000000 -0.084178465
2.632000000 -0.084824776
2.640000000 -0.085463903
2.648000000 -0.086095916
2.656000000 -0.086720884
2.664000000 -0.087338874
2.672000000 -0.087949955
2.680000000 -0.088554192
2.688000000 -0.089151652
2.696000000 -0.089742400
2.704000000 -0.090326500
2.712000000 -0.090904017
2.720000000 -0.091475014
2.728000000 -0.092039553
2.736000000 -0.092597696
2.744000000 -0.093149504
2.752000000 -0.093695038
2.760000000 -0.094234357
2.768000000 -0.094767521
2.776000000 -0.095294589
2.784000000 -0.095815619
2.792000000 -0.096330667
2.800000000 -0.096839791
2.808000000 -0.097343047
2.816000000 -0.097840490
2.824000000 -0.098332176
2.832000000 -0.098818159
2.840000000 -0.099298492
2.848000000 -0.099773230
2.856000000 -0.100242424
2.864000000 -0.100706127
2.872000000 -0.101164391
2.880000000 -0.101617267
2.888000000 -0.102064804
2.896000000 -0.102507054
2.904000000 -0.102944066
2.912000000 -0.103375889
2.920000000 -0.103802570
2.928000000 -0.104224159
2.936000000 -0.104640703
2.944000000 -0.105052249
2.952000000 -0.105458843
2.960000000 -0.105860531
2.968000000 -0.106257359
2.976000000 -0.106649372
2.984000000 -0.107036614
2.992000000 -0.107419130
3.000000000 -0.107796964
3.008000000 -0.108170158
3.016000000 -0.108538756
3.024000000 -0.108902800
3.032000000 -0.109262332
3.040000000 -0.109617393
3.048000000 -0.109968025
3.056000000 -0.110314268
3.064000000 -0.110656163
3.072000000 -0.110993749
3.080000000 -0.111327066
3.088000000 -0.111656153
3.096000000 -0.111981048
3.104000000 -0.112301791
3.112000000 -0.112618418
3.120000000 -0.112930968
3.128000000 -0.113239477
3.136000000 -0.113543982
3.144000000 -0.113844521
3.152000000 -0.114141128
3.160000000 -0.114433839
3.168000000 -0.114722690
3.176000000 -0.115007716
3.184000000 -0.115288952
3.192000000 -0.115566431
3.200000000 -0.115840187
3.208000000 -0.116110255
3.216000000 -0.116376668
3.224000000 -0.116639458
3.232000000 -0.116898658
3.240000000 -0.117154301
3.248000000 -0.117406418
3.256000000 -0.117655042
3.264000000 -0.117900203
3.272000000 -0.118141932
3.280000000 -0.118380261
3.288000000 -0.118615220
3.296000000 -0.118846839
3.304000000 -0.119075148
3.312000000 -0.119300176
3.320000000 -0.119521953
3.328000000 -0.119740508
3.336000000 -0.119955869
3.344000000 -0.120168065
3.352000000 -0.120377125
3.360000000 -0.120583076
3.368000000 -0.120785945
3.376000000 -0.120985761
3.384000000 -0.121182550
3.392000000 -0.121376339
3.400000000 -0.121567155
3.408000000 -0.121755023
3.416000000 -0.121939972
3.424000000 -0.122122025
3.432000000 -0.122301209
3.440000000 -0.122477548
3.448000000 -0.122651070
3.456000000 -0.122821797
3.464000000 -0.122989755
3.472000000 -0.123154968
3.480000000 -0.123317460
3.488000000 -0.123477255
3.496000000 -0.123634378
3.504000000 -0.123788851
3.512000000 -0.123940699
3.520000000 -0.124089943
3.528000000 -0.124236607
3.536000000 -0.124380713
3.544000000 -0.124522284
3.552000000 -0.124661343
3.560000000 -0.124797911
3.568000000 -0.124932009
3.576000000 -0.125063661
3.584000000 -0.125192886
3.592000000 -0.125319707
3.600000000 -0.125444144
3.608000000 -0.125566218
3.616000000 -0.125685950
3.624000000 -0.125803360
3.632000000 -0.125918469
3.640000000 -0.126031297
3.648000000 -0.126141862
3.656000000 -0.126250187
3.664000000 -0.126356289
3.672000000 -0.126460188
3.680000000 -0.126561903
3.688000000 -0.126661454
3.696000000 -0.126758860
3.704000000 -0.126854138
3.712000000 -0.126947307
3.720000000 -0.127038386
3.728000000 -0.127127393
3.736000000 -0.127214346
3.744000000 -0.127299262
3.752000000 -0.127382161
3.760000000 -0.127463058
3.768000000 -0.127541971
3.776000000 -0.127618918
3.784000000 -0.127693915
3.792000000 -0.127766980
3.800000000 -0.127838130
3.808000000 -0.127907380
3.816000000 -0.127974748
3.824000000 -0.128040249
3.832000000 -0.128103900
3.840000000 -0.128165717
3.848000000 -0.128225716
3.856000000 -0.128283913
3.864000000 -0.128340322
3.872000000 -0.128394960
3.880000000 -0.128447842
3.888000000 -0.128498984
3.896000000 -0.128548399
3.904000000 -0.128596104
3.912000000 -0.128642113
3.920000000 -0.128686440
3.928000000 -0.128729101
3.936000000 -0.128770109
3.944000000 -0.128809480
3.952000000 -0.128847226
3.960000000 -0.128883363
3.968000000 -0.128917903
3.976000000 -0.128950862
3.984000000 -0.128982252
3.992000000 -0.129012088
4.000000000 -0.129040382
4.008000000 -0.129067148
4.016000000 -0.129092399
4.024000000 -0.129116149
4.032000000 -0.129138410
4.040000000 -0.129159196
4.048000000 -0.129178518
4.056000000 -0.129196390
4.064000000 -0.129212825
4.072000000 -0.129227834
4.080000000 -0.129241430
4.088000000 -0.129253625
4.096000000 -0.129264432
4.104000000 -0.129273863
4.112000000 -0.129281929
4.120000000 -0.129288642
4.128000000 -0.129294014
4.136000000 -0.129298057
4.144000000 -0.129300782
4.152000000 -0.129302201
4.160000000 -0.129302325
4.168000000 -0.129301165
4.176000000 -0.129298732
4.184000000 -0.129295038
4.192000000 -0.129290094
4.200000000 -0.129283909
4.208000000 -0.129276496
4.216000000 -0.129267865
4.224000000 -0.129258026
4.232000000 -0.129246990
4.240000000 -0.129234767
4.248000000 -0.129221368
4.256000000 -0.129206803
4.264000000 -0.129191083
4.272000000 -0.129174216
4.280000000 -0.129156214
4.288000000 -0.129137086
4.296000000 -0.129116842
4.304000000 -0.129095493
4.312000000 -0.129073046
4.320000000 -0.129049513
4.328000000 -0.129024902
4.336000000 -0.128999223
4.344000000 -0.128972486
4.352000000 -0.128944700
4.360000000 -0.128915873
4.368000000 -0.128886016
4.376000000 -0.128855137
4.384000000 -0.128823245
4.392000000 -0.128790349
4.400000000 -0.128756459
4.408000000 -0.128721582
4.416000000 -0.128685727
4.424000000 -0.128648904
4.432000000 -0.128611120
4.440000000 -0.128572384
4.448000000 -0.128532705
4.456000000 -0.128492091
4.464000000 -0.128450550
4.472000000 -0.128408090
4.480000000 -0.128364720
4.488000000 -0.128320448
4.496000000 -0.128275282
4.504000000 -0.128229229
4.512000000 -0.128182298
4.520000000 -0.128134496
4.528000000 -0.128085832
4.536000000 -0.128036312
4.544000000 -0.127985946
4.552000000 -0.127934739
4.560000000 -0.127882700
4.568000000 -0.127829836
4.576000000 -0.127776155
4.584000000 -0.127721663
4.592000000 -0.127666369
4.600000000 -0.127610280
4.608000000 -0.127553402
4.616000000 -0.127495743
4.624000000 -0.127437309
4.632000000 -0.127378109
4.640000000 -0.127318148
4.648000000 -0.127257434
4.656000000 -0.127195974
4.664000000 -0.127133774
4.672000000 -0.127070841
4.680000000 -0.127007181
4.688000000 -0.126942802
4.696000000 -0.126877710
4.704000000 -0.126811912
4.712000000 -0.126745413
4.720000000 -0.126678221
4.728000000 -0.126610342
4.736000000 -0.126541782
4.744000000 -0.126472547
4.752000000 -0.126402644
4.760000000 -0.126332078
4.768000000 -0.126260856
4.776000000 -0.126188985
4.784000000 -0.126116469
4.792000000 -0.126043316
4.800000000 -0.125969530
4.808000000 -0.125895118
4.816000000 -0.125820086
4.824000000 -0.125744439
4.832000000 -0.125668184
4.840000000 -0.125591326
4.848000000 -0.125513870
4.856000000 -0.125435822
4.864000000 -0.125357189
4.872000000 -0.125277975
4.880000000 -0.125198185
4.888000000 -0.125117826
4.896000000 -0.125036903
4.904000000 -0.124955421
4.912000000 -0.124873385
4.920000000 -0.124790801
4.928000000 -0.124707674
4.936000000 -0.124624009
4.944000000 -0.124539812
4.952000000 -0.124455087
4.960000000 -0.124369840
4.968000000 -0.124284075
4.976000000 -0.124197798
4.984000000 -0.124111013
4.992000000 -0.124023726
5.000000000 -0.123935942
5.008000000 -0.123847664
5.016000000 -0.123758899
5.024000000 -0.123669651
5.032000000 -0.123579924
5.040000000 -0.123489724
5.048000000 -0.123399055
5.056000000 -0.123307922
5.064000000 -0.123216328
5.072000000 -0.123124280
5.080000000 -0.123031781
5.088000000 -0.122938836
5.096000000 -0.122845449
5.104000000 -0.122751625
5.112000000 -0.122657368
5.120000000 -0.122562683
5.128000000 -0.122467574
5.136000000 -0.122372044
5.144000000 -0.122276100
5.152000000 -0.122179743
5.160000000 -0.122082980
5.168000000 -0.121985814
5.176000000 -0.121888249
5.184000000 -0.121790289
5.192000000 -0.121691939
5.200000000 -0.121593202
5.208000000 -0.121494083
5.216000000 -0.121394585
5.224000000 -0.121294712
5.232000000 -0.121194468
5.240000000 -0.121093858
5.248000000 -0.120992885
5.256000000 -0.120891553
5.264000000 -0.120789865
5.272000000 -0.120687826
5.280000000 -0.120585439
5.288000000 -0.120482708
5.296000000 -0.120379637
5.304000000 -0.120276229
5.312000000 -0.120172488
5.320000000 -0.120068418
5.328000000 -0.119964021
5.336000000 -0.119859303
5.344000000 -0.119754265
5.352000000 -0.119648913
5.360000000 -0.119543248
5.368000000 -0.119437275
5.376000000 -0.119330998
5.384000000 -0.119224418
5.392000000 -0.119117541
5.400000000 -0.119010369
5.408000000 -0.118902905
5.416000000 -0.118795153
5.424000000 -0.118687117
5.432000000 -0.118578798
5.440000000 -0.118470202
5.448000000 -0.118361330
5.456000000 -0.118252186
5.464000000 -0.118142773
5.472000000 -0.118033094
5.480000000 -0.117923153
5.488000000 -0.117812952
5.496000000 -0.117702495
5.504000000 -0.117591784
5.512000000 -0.117480823
5.520000000 -0.117369614
5.528000000 -0.117258161
5.536000000 -0.117146466
5.544000000 -0.117034533
5.552000000 -0.116922363
5.560000000 -0.116809961
5.568000000 -0.116697329
5.576000000 -0.116584470
5.584000000 -0.116471387
5.592000000 -0.116358082
5.600000000 -0.116244558
5.608000000 -0.116130819
5.616000000 -0.116016866
5.624000000 -0.115902702
5.632000000 -0.115788331
5.640000000 -0.115673755
5.648000000 -0.115558975
5.656000000 -0.115443997
5.664000000 -0.115328820
5.672000000 -0.115213449
5.680000000 -0.115097886
5.688000000 -0.114982134
5.696000000 -0.114866194
5.704000000 -0.114750070
5.712000000 -0.114633764
5.720000000 -0.114517279
5.728000000 -0.114400616
5.736000000 -0.114283779
5.744000000 -0.114166769
5.752000000 -0.114049590
5.760000000 -0.113932243
5.768000000 -0.113814732
5.776000000 -0.113697057
5.784000000 -0.113579223
5.792000000 -0.113461230
5.800000000 -0.113343082
5.808000000 -0.113224780
5.816000000 -0.113106327
5.824000000 -0.112987725
5.832000000 -0.112868976
5.840000000 -0.112750083
5.848000000 -0.112631048
5.856000000 -0.112511872
5.864000000 -0.112392559
5.872000000 -0.112273110
5.880000000 -0.112153527
5.888000000 -0.112033813
5.896000000 -0.111913969
5.904000000 -0.111793998
5.912000000 -0.111673902
5.920000000 -0.111553683
5.928000000 -0.111433342
5.936000000 -0.111312882
5.944000000 -0.111192305
5.952000000 -0.111071613
5.960000000 -0.110950808
5.968000000 -0.110829892
5.976000000 -0.110708866
5.984000000 -0.110587733
5.992000000 -0.110466495
6.000000000 -0.110345153
6.008000000 -0.110223710
6.016000000 -0.110102167
6.024000000 -0.109980526
6.032000000 -0.109858789
6.040000000 -0.109736958
6.048000000 -0.109615035
6.056000000 -0.109493021
6.064000000 -0.109370918
6.072000000 -0.109248729
6.080000000 -0.109126454
6.088000000 -0.109004096
6.096000000 -0.108881656
6.104000000 -0.108759136
6.112000000 -0.108636538
6.120000000 -0.108513863
6.128000000 -0.108391114
6.136000000 -0.108268291
6.144000000 -0.108145397
6.152000000 -0.108022433
6.160000000 -0.107899401
6.168000000 -0.107776302
6.176000000 -0.107653138
6.184000000 -0.107529911
6.192000000 -0.107406622
6.200000000 -0.107283272
6.208000000 -0.107159865
6.216000000 -0.107036400
6.224000000 -0.106912879
6.232000000 -0.106789304
6.240000000 -0.106665677
6.248000000 -0.106541999
6.256000000 -0.106418271
6.264000000 -0.106294496
6.272000000 -0.106170674
6.280000000 -0.106046806
6.288000000 -0.105922895
6.296000000 -0.105798942
6.304000000 -0.105674948
6.312000000 -0.105550915
6.320000000 -0.105426844
6.328000000 -0.105302736
6.336000000 -0.105178593
6.344000000 -0.105054416
6.352000000 -0.104930207
6.360000000 -0.104805966
6.368000000 -0.104681696
6.376000000 -0.104557398
6.384000000 -0.104433072
6.392000000 -0.104308721
6.400000000 -0.104184345
6.408000000 -0.104059946
6.416000000 -0.103935525
6.424000000 -0.103811084
6.432000000 -0.103686623
6.440000000 -0.103562144
6.448000000 -0.103437648
6.456000000 -0.103313136
6.464000000 -0.103188610
6.472000000 -0.103064071
6.480000000 -0.102939520
6.488000000 -0.102814958
6.496000000 -0.102690386
6.504000000 -0.102565806
6.512000000 -0.102441219
6.520000000 -0.102316626
6.528000000 -0.102192027
6.536000000 -0.102067425
6.544000000 -0.101942820
6.552000000 -0.101818213
6.560000000 -0.101693606
6.568000000 -0.101569000
6.576000000 -0.101444395
6.584000000 -0.101319794
6.592000000 -0.101195196
6.600000000 -0.101070603
6.608000000 -0.100946016
6.616000000 -0.100821436
6.624000000 -0.100696865
6.632000000 -0.100572302
6.640000000 -0.100447750
6.648000000 -0.100323209
6.656000000 -0.100198680
6.664000000 -0.100074164
6.672000000 -0.099949663
6.680000000 -0.099825177
6.688000000 -0.099700707
6.696000000 -0.099576254
6.704000000 -0.099451820
6.712000000 -0.099327404
6.720000000 -0.099203009
6.728000000 -0.099078634
6.736000000 -0.098954281
6.744000000 -0.098829952
6.752000000 -0.098705646
6.760000000 -0.098581365
6.768000000 -0.098457109
6.776000000 -0.098332880
6.784000000 -0.098208678
6.792000000 -0.098084504
6.800000000 -0.097960360
6.808000000 -0.097836246
6.816000000 -0.097712162
6.824000000 -0.097588110
6.832000000 -0.097464091
6.840000000 -0.097340105
6.848000000 -0.097216154
6.856000000 -0.097092237
6.864000000 -0.096968356
6.872000000 -0.096844513
6.880000000 -0.096720706
6.888000000 -0.096596938
6.896000000 -0.096473209
6.904000000 -0.096349520
6.912000000 -0.096225872
6.920000000 -0.096102265
6.928000000 -0.095978700
6.936000000 -0.095855178
6.944000000 -0.095731700
6.952000000 -0.095608266
6.960000000 -0.095484878
6.968000000 -0.095361536
6.976000000 -0.095238240
6.984000000 -0.095114992
6.992000000 -0.094991792
7.000000000 -0.094868640
7.008000000 -0.094745539
7.016000000 -0.094622487
7.024000000 -0.094499487
7.032000000 -0.094376538
7.040000000 -0.094253641
7.048000000 -0.094130798
7.056000000 -0.094008008
7.064000000 -0.093885272
7.072000000 -0.093762592
7.080000000 -0.093639967
7.088000000 -0.093517398
7.096000000 -0.093394887
7.104000000 -0.093272433
7.112000000 -0.093150037
7.120000000 -0.093027700
7.128000000 -0.092905422
7.136000000 -0.092783205
7.144000000 -0.092661048
7.152000000 -0.092538952
7.160000000 -0.092416919
7.168000000 -0.092294948
7.176000000 -0.092173040
7.184000000 -0.092051195
7.192000000 -0.091929415
7.200000000 -0.091807700
7.208000000 -0.091686050
7.216000000 -0.091564466
7.224000000 -0.091442948
7.232000000 -0.091321498
7.240000000 -0.091200115
7.248000000 -0.091078800
7.256000000 -0.090957554
7.264000000 -0.090836378
7.272000000 -0.090715271
7.280000000 -0.090594234
7.288000000 -0.090473268
7.296000000 -0.090352374
7.304000000 -0.090231551
7.312000000 -0.090110800
7.320000000 -0.089990123
7.328000000 -0.089869519
7.336000000 -0.089748988
7.344000000 -0.089628532
7.352000000 -0.089508151
7.360000000 -0.089387845
7.368000000 -0.089267615
7.376000000 -0.089147461
7.384000000 -0.089027384
7.392000000 -0.088907384
7.400000000 -0.088787461
7.408000000 -0.088667617
7.416000000 -0.088547851
7.424000000 -0.088428164
7.432000000 -0.088308557
7.440000000 -0.088189029
7.448000000 -0.088069582
7.456000000 -0.087950215
7.464000000 -0.087830930
7.472000000 -0.087711726
7.480000000 -0.087592604
7.488000000 -0.087473565
7.496000000 -0.087354608
7.504000000 -0.087235734
7.512000000 -0.087116944
7.520000000 -0.086998238
7.528000000 -0.086879617
7.536000000 -0.086761080
7.544000000 -0.086642628
7.552000000 -0.086524262
7.560000000 -0.086405982
7.568000000 -0.086287788
7.576000000 -0.086169681
7.584000000 -0.086051661
7.592000000 -0.085933728
7.600000000 -0.085815884
7.608000000 -0.085698127
7.616000000 -0.085580458
7.624000000 -0.085462879
7.632000000 -0.085345389
7.640000000 -0.085227988
7.648000000 -0.085110677
7.656000000 -0.084993456
7.664000000 -0.084876326
7.672000000 -0.084759286
7.680000000 -0.084642338
7.688000000 -0.084525481
7.696000000 -0.084408717
7.704000000 -0.084292044
7.712000000 -0.084175463
7.720000000 -0.084058976
7.728000000 -0.083942581
7.736000000 -0.083826280
7.744000000 -0.083710073
7.752000000 -0.083593959
7.760000000 -0.083477940
7.768000000 -0.083362015
7.776000000 -0.083246185
7.784000000 -0.083130450
7.792000000 -0.083014811
7.800000000 -0.082899267
7.808000000 -0.082783819
7.816000000 -0.082668467
7.824000000 -0.082553212
7.832000000 -0.082438054
7.840000000 -0.082322992
7.848000000 -0.082208028
7.856000000 -0.082093162
7.864000000 -0.081978393
7.872000000 -0.081863722
7.880000000 -0.081749149
7.888000000 -0.081634675
7.896000000 -0.081520300
7.904000000 -0.081406024
7.912000000 -0.081291847
7.920000000 -0.081177769
7.928000000 -0.081063791
7.936000000 -0.080949914
7.944000000 -0.080836136
7.952000000 -0.080722458
7.960000000 -0.080608882
7.968000000 -0.080495406
7.976000000 -0.080382031
7.984000000 -0.080268757
7.992000000 -0.080155585
8.000000000 -0.080042515
8.008000000 -0.079929546
8.016000000 -0.079816680
8.024000000 -0.079703915
8.032000000 -0.079591254
8.040000000 -0.079478695
8.048000000 -0.079366238
8.056000000 -0.079253885
8.064000000 -0.079141635
8.072000000 -0.079029489
8.080000000 -0.078917446
8.088000000 -0.078805507
8.096000000 -0.078693672
8.104000000 -0.078581941
8.112000000 -0.078470314
8.120000000 -0.078358792
8.128000000 -0.078247375
8.136000000 -0.078136062
8.144000000 -0.078024855
8.152000000 -0.077913752
8.160000000 -0.077802755
8.168000000 -0.077691863
8.176000000 -0.077581077
8.184000000 -0.077470397
8.192000000 -0.077359823
8.200000000 -0.077249355
8.208000000 -0.077138993
8.216000000 -0.077028737
8.224000000 -0.076918588
8.232000000 -0.076808545
8.240000000 -0.076698610
8.248000000 -0.076588781
8.256000000 -0.076479060
8.264000000 -0.076369445
8.272000000 -0.076259938
8.280000000 -0.076150539
8.288000000 -0.076041247
8.296000000 -0.075932063
8.304000000 -0.075822986
8.312000000 -0.075714018
8.320000000 -0.075605157
8.328000000 -0.075496405
8.336000000 -0.075387761
8.344000000 -0.075279226
8.352000000 -0.075170799
8.360000000 -0.075062481
8.368000000 -0.074954271
8.376000000 -0.074846171
8.384000000 -0.074738179
8.392000000 -0.074630297
8.400000000 -0.074522523
8.408000000 -0.074414859
8.416000000 -0.074307304
8.424000000 -0.074199859
8.432000000 -0.074092523
8.440000000 -0.073985297
8.448000000 -0.073878181
8.456000000 -0.073771174
8.464000000 -0.073664278
8.472000000 -0.073557491
8.480000000 -0.073450815
8.488000000 -0.073344248
8.496000000 -0.073237792
8.504000000 -0.073131446
8.512000000 -0.073025211
8.520000000 -0.072919086
8.528000000 -0.072813071
8.536000000 -0.072707168
8.544000000 -0.072601375
8.552000000 -0.072495692
8.560000000 -0.072390121
8.568000000 -0.072284660
8.576000000 -0.072179310
8.584000000 -0.072074072
8.592000000 -0.071968944
8.600000000 -0.071863927
8.608000000 -0.071759022
8.616000000 -0.071654228
8.624000000 -0.071549545
8.632000000 -0.071444974
8.640000000 -0.071340514
8.648000000 -0.071236165
8.656000000 -0.071131928
8.664000000 -0.071027803
8.672000000 -0.070923789
8.680000000 -0.070819887
8.688000000 -0.070716096
8.696000000 -0.070612417
8.704000000 -0.070508850
8.712000000 -0.070405395
8.720000000 -0.070302052
8.728000000 -0.070198820
8.736000000 -0.070095700
8.744000000 -0.069992693
8.752000000 -0.069889797
8.760000000 -0.069787014
8.768000000 -0.069684342
8.776000000 -0.069581783
8.784000000 -0.069479335
8.792000000 -0.069377000
8.800000000 -0.069274777
8.808000000 -0.069172666
8.816000000 -0.069070667
8.824000000 -0.068968781
8.832000000 -0.068867007
8.840000000 -0.068765345
8.848000000 -0.068663795
8.856000000 -0.068562358
8.864000000 -0.068461032
8.872000000 -0.068359820
8.880000000 -0.068258719
8.888000000 -0.068157731
8.896000000 -0.068056856
8.904000000 -0.067956092
8.912000000 -0.067855441
8.920000000 -0.067754903
8.928000000 -0.067654477
8.936000000 -0.067554163
8.944000000 -0.067453962
8.952000000 -0.067353873
8.960000000 -0.067253896
8.968000000 -0.067154032
8.976000000 -0.067054281
8.984000000 -0.066954642
8.992000000 -0.066855115
9.000000000 -0.066755700
9.008000000 -0.066656398
9.016000000 -0.066557209
9.024000000 -0.066458131
9.032000000 -0.066359167
9.040000000 -0.066260314
9.048000000 -0.066161574
9.056000000 -0.066062946
9.064000000 -0.065964431
9.072000000 -0.065866028
9.080000000 -0.065767737
9.088000000 -0.065669559
9.096000000 -0.065571493
9.104000000 -0.065473539
9.112000000 -0.065375697
9.120000000 -0.065277968
9.128000000 -0.065180351
9.136000000 -0.065082846
9.144000000 -0.064985453
9.152000000 -0.064888172
9.160000000 -0.064791004
9.168000000 -0.064693948
9.176000000 -0.064597003
9.184000000 -0.064500171
9.192000000 -0.064403451
9.200000000 -0.064306843
9.208000000 -0.064210347
9.216000000 -0.064113963
9.224000000 -0.064017690
9.232000000 -0.063921530
9.240000000 -0.063825482
9.248000000 -0.063729545
9.256000000 -0.063633720
9.264000000 -0.063538007
9.272000000 -0.063442406
9.280000000 -0.063346916
9.288000000 -0.063251538
9.296000000 -0.063156272
9.304000000 -0.063061117
9.312000000 -0.062966074
9.320000000 -0.062871142
9.328000000 -0.062776322
9.336000000 -0.062681613
9.344000000 -0.062587016
9.352000000 -0.062492530
9.360000000 -0.062398155
9.368000000 -0.062303892
9.376000000 -0.062209739
9.384000000 -0.062115698
9.392000000 -0.062021768
9.400000000 -0.061927950
9.408000000 -0.061834242
9.416000000 -0.061740645
9.424000000 -0.061647159
9.432000000 -0.061553784
9.440000000 -0.061460520
9.448000000 -0.061367367
9.456000000 -0.061274324
9.464000000 -0.061181393
9.472000000 -0.061088571
9.480000000 -0.060995861
9.488000000 -0.060903261
9.496000000 -0.060810771
9.504000000 -0.060718392
9.512000000 -0.060626123
9.520000000 -0.060533965
9.528000000 -0.060441917
9.536000000 -0.060349979
9.544000000 -0.060258151
9.552000000 -0.060166433
9.560000000 -0.060074825
9.568000000 -0.059983328
9.576000000 -0.059891940
9.584000000 -0.059800662
9.592000000 -0.059709494
9.600000000 -0.059618435
9.608000000 -0.059527487
9.616000000 -0.059436648
9.624000000 -0.059345918
9.632000000 -0.059255298
9.640000000 -0.059164787
9.648000000 -0.059074386
9.656000000 -0.058984094
9.664000000 -0.058893911
9.672000000 -0.058803837
9.680000000 -0.058713873
9.688000000 -0.058624017
9.696000000 -0.058534270
9.704000000 -0.058444633
9.712000000 -0.058355104
9.720000000 -0.058265683
9.728000000 -0.058176372
9.736000000 -0.058087169
9.744000000 -0.057998075
9.752000000 -0.057909089
9.760000000 -0.057820211
9.768000000 -0.057731442
9.776000000 -0.057642781
9.784000000 -0.057554228
9.792000000 -0.057465784
9.800000000 -0.057377447
9.808000000 -0.057289218
9.816000000 -0.057201097
9.824000000 -0.057113084
9.832000000 -0.057025179
9.840000000 -0.056937381
9.848000000 -0.056849691
9.856000000 -0.056762109
9.864000000 -0.056674633
9.872000000 -0.056587265
9.880000000 -0.056500005
9.888000000 -0.056412851
9.896000000 -0.056325805
9.904000000 -0.056238866
9.912000000 -0.056152033
9.920000000 -0.056065308
9.928000000 -0.055978689
9.936000000 -0.055892177
9.944000000 -0.055805772
9.952000000 -0.055719473
9.960000000 -0.055633281
9.968000000 -0.055547195
9.976000000 -0.055461215
9.984000000 -0.055375341
9.992000000 -0.055289574
10.000000000 -0.055203912
10.008000000 -0.055118357
10.016000000 -0.055032908
10.024000000 -0.054947564
10.032000000 -0.054862326
10.040000000 -0.054777193
10.048000000 -0.054692166
10.056000000 -0.054607245
10.064000000 -0.054522429
10.072000000 -0.054437718
10.080000000 -0.054353112
10.088000000 -0.054268611
10.096000000 -0.054184216
10.104000000 -0.054099925
10.112000000 -0.054015739
10.120000000 -0.053931658
10.128000000 -0.053847681
10.136000000 -0.053763809
10.144000000 -0.053680042
10.152000000 -0.053596379
10.160000000 -0.053512820
10.168000000 -0.053429365
10.176000000 -0.053346015
10.184000000 -0.053262768
10.192000000 -0.053179626
10.200000000 -0.053096587
10.208000000 -0.053013652
10.216000000 -0.052930821
10.224000000 -0.052848093
10.232000000 -0.052765468
10.240000000 -0.052682947
10.248000000 -0.052600530
10.256000000 -0.052518215
10.264000000 -0.052436004
10.272000000 -0.052353895
10.280000000 -0.052271890
10.288000000 -0.052189987
10.296000000 -0.052108187
10.304000000 -0.052026489
10.312000000 -0.051944894
10.320000000 -0.051863402
10.328000000 -0.051782012
10.336000000 -0.051700724
10.344000000 -0.051619538
10.352000000 -0.051538454
10.360000000 -0.051457472
10.368000000 -0.051376592
10.376000000 -0.051295814
10.384000000 -0.051215137
10.392000000 -0.051134562
10.400000000 -0.051054088
10.408000000 -0.050973716
10.416000000 -0.050893445
10.424000000 -0.050813275
10.432000000 -0.050733206
10.440000000 -0.050653238
10.448000000 -0.050573371
10.456000000 -0.050493605
10.464000000 -0.050413939
10.472000000 -0.050334374
10.480000000 -0.050254910
10.488000000 -0.050175546
10.496000000 -0.050096282
10.504000000 -0.050017118
10.512000000 -0.049938054
10.520000000 -0.049859090
10.528000000 -0.049780227
10.536000000 -0.049701462
10.544000000 -0.049622798
10.552000000 -0.049544233
10.560000000 -0.049465768
10.568000000 -0.049387401
10.576000000 -0.049309135
10.584000000 -0.049230967
10.592000000 -0.049152898
10.600000000 -0.049074928
10.608000000 -0.048997058
10.616000000 -0.048919285
10.624000000 -0.048841612
10.632000000 -0.048764037
10.640000000 -0.048686560
10.648000000 -0.048609182
10.656000000 -0.048531902
10.664000000 -0.048454720
10.672000000 -0.048377637
10.680000000 -0.048300651
10.688000000 -0.048223763
10.696000000 -0.048146972
10.704000000 -0.048070279
10.712000000 -0.047993684
10.720000000 -0.047917186
10.728000000 -0.047840786
10.736000000 -0.047764482
10.744000000 -0.047688276
10.752000000 -0.047612167
10.760000000 -0.047536154
10.768000000 -0.047460238
10.776000000 -0.047384419
10.784000000 -0.047308697
10.792000000 -0.047233071
10.800000000 -0.047157541
10.808000000 -0.047082108
10.816000000 -0.047006770
10.824000000 -0.046931529
10.832000000 -0.046856384
10.840000000 -0.046781334
10.848000000 -0.046706381
10.856000000 -0.046631522
10.864000000 -0.046556760
10.872000000 -0.046482092
10.880000000 -0.046407521
10.888000000 -0.046333044
10.896000000 -0.046258662
10.904000000 -0.046184375
10.912000000 -0.046110183
10.920000000 -0.046036086
10.928000000 -0.045962084
10.936000000 -0.045888176
10.944000000 -0.045814362
10.952000000 -0.045740643
10.960000000 -0.045667018
10.968000000 -0.045593488
10.976000000 -0.045520051
10.984000000 -0.045446708
10.992000000 -0.045373459
11.000000000 -0.045300304
11.008000000 -0.045227242
11.016000000 -0.045154274
11.024000000 -0.045081399
11.032000000 -0.045008617
11.040000000 -0.044935929
11.048000000 -0.044863333
11.056000000 -0.044790831
11.064000000 -0.044718421
11.072000000 -0.044646104
11.080000000 -0.044573880
11.088000000 -0.044501748
11.096000000 -0.044429708
11.104000000 -0.044357761
11.112000000 -0.044285906
11.120000000 -0.044214144
11.128000000 -0.044142473
11.136000000 -0.044070894
11.144000000 -0.043999406
11.152000000 -0.043928011
11.160000000 -0.043856707
11.168000000 -0.043785494
11.176000000 -0.043714373
11.184000000 -0.043643343
11.192000000 -0.043572404
11.200000000 -0.043501556
11.208000000 -0.043430799
11.216000000 -0.043360133
11.224000000 -0.043289557
11.232000000 -0.043219072
11.240000000 -0.043148677
11.248000000 -0.043078373
11.256000000 -0.043008159
11.264000000 -0.042938035
11.272000000 -0.042868002
11.280000000 -0.042798058
11.288000000 -0.042728204
11.296000000 -0.042658439
11.304000000 -0.042588764
11.312000000 -0.042519179
11.320000000 -0.042449683
11.328000000 -0.042380277
11.336000000 -0.042310959
11.344000000 -0.042241731
11.352000000 -0.042172591
11.360000000 -0.042103541
11.368000000 -0.042034579
11.376000000 -0.041965705
11.384000000 -0.041896921
11.392000000 -0.041828224
11.400000000 -0.041759616
11.408000000 -0.041691096
11.416000000 -0.041622665
11.424000000 -0.041554321
11.432000000 -0.041486065
11.440000000 -0.041417897
11.448000000 -0.041349816
11.456000000 -0.041281823
11.464000000 -0.041213918
11.472000000 -0.041146099
11.480000000 -0.041078368
11.488000000 -0.041010724
11.496000000 -0.040943167
11.504000000 -0.040875697
11.512000000 -0.040808314
11.520000000 -0.040741018
11.528000000 -0.040673807
11.536000000 -0.040606684
11.544000000 -0.040539647
11.552000000 -0.040472696
11.560000000 -0.040405831
11.568000000 -0.040339052
11.576000000 -0.040272359
11.584000000 -0.040205752
11.592000000 -0.040139231
11.600000000 -0.040072795
11.608000000 -0.040006445
11.616000000 -0.039940180
11.624000000 -0.039874000
11.632000000 -0.039807906
11.640000000 -0.039741897
11.648000000 -0.039675972
11.656000000 -0.039610132
11.664000000 -0.039544378
11.672000000 -0.039478707
11.680000000 -0.039413122
11.688000000 -0.039347620
11.696000000 -0.039282203
11.704000000 -0.039216871
11.712000000 -0.039151622
11.720000000 -0.039086457
11.728000000 -0.039021376
11.736000000 -0.038956379
11.744000000 -0.038891466
11.752000000 -0.038826636
11.760000000 -0.038761890
11.768000000 -0.038697227
11.776000000 -0.038632647
11.784000000 -0.038568150
11.792000000 -0.038503736
11.800000000 -0.038439406
11.808000000 -0.038375158
11.816000000 -0.038310993
11.824000000 -0.038246910
11.832000000 -0.038182910
11.840000000 -0.038118992
11.848000000 -0.038055156
11.856000000 -0.037991403
11.864000000 -0.037927732
11.872000000 -0.037864143
11.880000000 -0.037800635
11.888000000 -0.037737209
11.896000000 -0.037673865
11.904000000 -0.037610603
11.912000000 -0.037547422
11.920000000 -0.037484322
11.928000000 -0.037421303
11.936000000 -0.037358366
11.944000000 -0.037295509
11.952000000 -0.037232734
11.960000000 -0.037170039
11.968000000 -0.037107425
11.976000000 -0.037044892
11.984000000 -0.036982438
11.992000000 -0.036920066
12.000000000 -0.036857773
12.008000000 -0.036795561
12.016000000 -0.036733429
12.024000000 -0.036671377
12.032000000 -0.036609404
12.040000000 -0.036547512
12.048000000 -0.036485699
12.056000000 -0.036423965
12.064000000 -0.036362311
12.072000000 -0.036300737
12.080000000 -0.036239241
12.088000000 -0.036177825
12.096000000 -0.036116487
12.104000000 -0.036055229
12.112000000 -0.035994049
12.120000000 -0.035932948
12.128000000 -0.035871926
12.136000000 -0.035810982
12.144000000 -0.035750116
12.152000000 -0.035689329
12.160000000 -0.035628620
12.168000000 -0.035567989
12.176000000 -0.035507436
12.184000000 -0.035446961
12.192000000 -0.035386563
12.200000000 -0.035326243
12.208000000 -0.035266001
12.216000000 -0.035205836
12.224000000 -0.035145749
12.232000000 -0.035085739
12.240000000 -0.035025806
12.248000000 -0.034965950
12.256000000 -0.034906171
12.264000000 -0.034846469
12.272000000 -0.034786843
12.280000000 -0.034727294
12.288000000 -0.034667822
12.296000000 -0.034608426
12.304000000 -0.034549106
12.312000000 -0.034489863
12.320000000 -0.034430696
12.328000000 -0.034371604
12.336000000 -0.034312589
12.344000000 -0.034253649
12.352000000 -0.034194786
12.360000000 -0.034135997
12.368000000 -0.034077285
12.376000000 -0.034018647
12.384000000 -0.033960085
12.392000000 -0.033901598
12.400000000 -0.033843187
12.408000000 -0.033784850
12.416000000 -0.033726588
12.424000000 -0.033668401
12.432000000 -0.033610289
12.440000000 -0.033552251
12.448000000 -0.033494288
12.456000000 -0.033436399
12.464000000 -0.033378584
12.472000000 -0.033320844
12.480000000 -0.033263177
12.488000000 -0.033205585
12.496000000 -0.033148067
12.504000000 -0.033090622
12.512000000 -0.033033251
12.520000000 -0.032975954
12.528000000 -0.032918730
12.536000000 -0.032861579
12.544000000 -0.032804502
12.552000000 -0.032747498
12.560000000 -0.032690567
12.568000000 -0.032633709
12.576000000 -0.032576924
12.584000000 -0.032520212
12.592000000 -0.032463572
12.600000000 -0.032407005
12.608000000 -0.032350511
12.616000000 -0.032294089
12.624000000 -0.032237739
12.632000000 -0.032181461
12.640000000 -0.032125256
12.648000000 -0.032069122
12.656000000 -0.032013061
12.664000000 -0.031957071
12.672000000 -0.031901153
12.680000000 -0.031845306
12.688000000 -0.031789531
12.696000000 -0.031733828
12.704000000 -0.031678195
12.712000000 -0.031622634
12.720000000 -0.031567145
12.728000000 -0.031511726
12.736000000 -0.031456378
12.744000000 -0.031401101
12.752000000 -0.031345894
12.760000000 -0.031290758
12.768000000 -0.031235693
12.776000000 -0.031180698
12.784000000 -0.031125774
12.792000000 -0.031070920
12.800000000 -0.031016136
12.808000000 -0.030961422
12.816000000 -0.030906778
12.824000000 -0.030852203
12.832000000 -0.030797699
12.840000000 -0.030743264
12.848000000 -0.030688899
12.856000000 -0.030634603
12.864000000 -0.030580377
12.872000000 -0.030526220
12.880000000 -0.030472132
12.888000000 -0.030418113
12.896000000 -0.030364164
12.904000000 -0.030310283
12.912000000 -0.030256471
12.920000000 -0.030202727
12.928000000 -0.030149053
12.936000000 -0.030095447
12.944000000 -0.030041909
12.952000000 -0.029988439
12.960000000 -0.029935038
12.968000000 -0.029881705
12.976000000 -0.029828440
12.984000000 -0.029775243
12.992000000 -0.029722114
13.000000000 -0.029669053
13.008000000 -0.029616059
13.016000000 -0.029563133
13.024000000 -0.029510274
13.032000000 -0.029457483
13.040000000 -0.029404759
13.048000000 -0.029352103
13.056000000 -0.029299513
13.064000000 -0.029246990
13.072000000 -0.029194535
13.080000000 -0.029142146
13.088000000 -0.029089824
13.096000000 -0.029037569
13.104000000 -0.028985380
13.112000000 -0.028933257
13.120000000 -0.028881201
13.128000000 -0.028829212
13.136000000 -0.028777288
13.144000000 -0.028725431
13.152000000 -0.028673639
13.160000000 -0.028621914
13.168000000 -0.028570254
13.176000000 -0.028518660
13.184000000 -0.028467132
13.192000000 -0.028415669
13.200000000 -0.028364272
13.208000000 -0.028312940
13.216000000 -0.028261674
13.224000000 -0.028210472
13.232000000 -0.028159336
13.240000000 -0.028108265
13.248000000 -0.028057258
13.256000000 -0.028006317
13.264000000 -0.027955440
13.272000000 -0.027904628
13.280000000 -0.027853880
13.288000000 -0.027803197
13.296000000 -0.027752578
13.304000000 -0.027702024
13.312000000 -0.027651533
13.320000000 -0.027601107
13.328000000 -0.027550745
13.336000000 -0.027500447
13.344000000 -0.027450212
13.352000000 -0.027400042
13.360000000 -0.027349935
13.368000000 -0.027299891
13.376000000 -0.027249911
13.384000000 -0.027199995
13.392000000 -0.027150142
13.400000000 -0.027100352
13.408000000 -0.027050625
13.416000000 -0.027000961
13.424000000 -0.026951360
13.432000000 -0.026901822
13.440000000 -0.026852347
13.448000000 -0.026802934
13.456000000 -0.026753584
13.464000000 -0.026704297
13.472000000 -0.026655072
13.480000000 -0.026605909
13.488000000 -0.026556809
13.496000000 -0.026507771
13.504000000 -0.026458795
13.512000000 -0.026409881
13.520000000 -0.026361028
13.528000000 -0.026312238
13.536000000 -0.026263509
13.544000000 -0.026214842
13.552000000 -0.026166237
13.560000000 -0.026117693
13.568000000 -0.026069210
13.576000000 -0.026020789
13.584000000 -0.025972429
13.592000000 -0.025924130
13.600000000 -0.025875893
13.608000000 -0.025827716
13.616000000 -0.025779600
13.624000000 -0.025731544
13.632000000 -0.025683550
13.640000000 -0.025635616
13.648000000 -0.025587743
13.656000000 -0.025539930
13.664000000 -0.025492178
13.672000000 -0.025444485
13.680000000 -0.025396853
13.688000000 -0.025349282
13.696000000 -0.025301770
13.704000000 -0.025254318
13.712000000 -0.025206926
13.720000000 -0.025159594
13.728000000 -0.025112321
13.736000000 -0.025065108
13.744000000 -0.025017955
13.752000000 -0.024970861
13.760000000 -0.024923826
13.768000000 -0.024876851
13.776000000 -0.024829935
13.784000000 -0.024783078
13.792000000 -0.024736280
13.800000000 -0.024689541
13.808000000 -0.024642861
13.816000000 -0.024596240
13.824000000 -0.024549677
13.832000000 -0.024503173
13.840000000 -0.024456728
13.848000000 -0.024410341
13.856000000 -0.024364013
13.864000000 -0.024317742
13.872000000 -0.024271530
13.880000000 -0.024225376
13.888000000 -0.024179281
13.896000000 -0.024133243
13.904000000 -0.024087263
13.912000000 -0.024041341
13.920000000 -0.023995476
13.928000000 -0.023949669
13.936000000 -0.023903920
13.944000000 -0.023858229
13.952000000 -0.023812594
13.960000000 -0.023767017
13.968000000 -0.023721498
13.976000000 -0.023676035
13.984000000 -0.023630630
13.992000000 -0.023585281
14.000000000 -0.023539990
14.008000000 -0.023494755
14.016000000 -0.023449577
14.024000000 -0.023404456
14.032000000 -0.023359392
14.040000000 -0.023314384
14.048000000 -0.023269432
14.056000000 -0.023224537
14.064000000 -0.023179698
14.072000000 -0.023134915
14.080000000 -0.023090189
14.088000000 -0.023045518
14.096000000 -0.023000904
14.104000000 -0.022956345
14.112000000 -0.022911843
14.120000000 -0.022867396
14.128000000 -0.022823004
14.136000000 -0.022778669
14.144000000 -0.022734389
14.152000000 -0.022690164
14.160000000 -0.022645994
14.168000000 -0.022601880
14.176000000 -0.022557822
14.184000000 -0.022513818
14.192000000 -0.022469869
14.200000000 -0.022425976
14.208000000 -0.022382137
14.216000000 -0.022338353
14.224000000 -0.022294624
14.232000000 -0.022250949
14.240000000 -0.022207329
14.248000000 -0.022163764
14.256000000 -0.022120253
14.264000000 -0.022076797
14.272000000 -0.022033394
14.280000000 -0.021990046
14.288000000 -0.021946753
14.296000000 -0.021903513
14.304000000 -0.021860327
14.312000000 -0.021817195
14.320000000 -0.021774117
14.328000000 -0.021731093
14.336000000 -0.021688122
14.344000000 -0.021645206
14.352000000 -0.021602342
14.360000000 -0.021559532
14.368000000 -0.021516776
14.376000000 -0.021474073
14.384000000 -0.021431423
14.392000000 -0.021388826
14.400000000 -0.021346283
14.408000000 -0.021303792
14.416000000 -0.021261354
14.424000000 -0.021218970
14.432000000 -0.021176638
14.440000000 -0.021134359
14.448000000 -0.021092132
14.456000000 -0.021049958
14.464000000 -0.021007837
14.472000000 -0.020965768
14.480000000 -0.020923752
14.488000000 -0.020881788
14.496000000 -0.020839876
14.504000000 -0.020798016
14.512000000 -0.020756208
14.520000000 -0.020714452
14.528000000 -0.020672749
14.536000000 -0.020631097
14.544000000 -0.020589497
14.552000000 -0.020547948
14.560000000 -0.020506452
14.568000000 -0.020465007
14.576000000 -0.020423613
14.584000000 -0.020382271
14.592000000 -0.020340980
14.600000000 -0.020299741
14.608000000 -0.020258553
14.616000000 -0.020217416
14.624000000 -0.020176330
14.632000000 -0.020135295
14.640000000 -0.020094311
14.648000000 -0.020053378
14.656000000 -0.020012496
14.664000000 -0.019971664
14.672000000 -0.019930884
14.680000000 -0.019890154
14.688000000 -0.019849474
14.696000000 -0.019808845
14.704000000 -0.019768266
14.712000000 -0.019727738
14.720000000 -0.019687259
14.728000000 -0.019646831
14.736000000 -0.019606454
14.744000000 -0.019566126
14.752000000 -0.019525848
14.760000000 -0.019485620
14.768000000 -0.019445442
14.776000000 -0.019405314
14.784000000 -0.019365235
14.792000000 -0.019325207
14.800000000 -0.019285227
14.808000000 -0.019245298
14.816000000 -0.019205417
14.824000000 -0.019165586
14.832000000 -0.019125805
14.840000000 -0.019086072
14.848000000 -0.019046389
14.856000000 -0.019006755
14.864000000 -0.018967170
14.872000000 -0.018927634
14.880000000 -0.018888147
14.888000000 -0.018848709
14.896000000 -0.018809319
14.904000000 -0.018769978
14.912000000 -0.018730686
14.920000000 -0.018691443
14.928000000 -0.018652248
14.936000000 -0.018613101
14.944000000 -0.018574003
14.952000000 -0.018534953
14.960000000 -0.018495951
14.968000000 -0.018456998
14.976000000 -0.018418093
14.984000000 -0.018379235
14.992000000 -0.018340426
15.000000000 -0.018301665
15.008000000 -0.018262951
15.016000000 -0.018224286
15.024000000 -0.018185668
15.032000000 -0.018147098
15.040000000 -0.018108575
15.048000000 -0.018070100
15.056000000 -0.018031672
15.064000000 -0.017993292
15.072000000 -0.017954959
15.080000000 -0.017916674
15.088000000 -0.017878435
15.096000000 -0.017840244
15.104000000 -0.017802100
15.112000000 -0.017764003
15.120000000 -0.017725953
15.128000000 -0.017687950
15.136000000 -0.017649994
15.144000000 -0.017612085
15.152000000 -0.017574222
15.160000000 -0.017536406
15.168000000 -0.017498636
15.176000000 -0.017460913
15.184000000 -0.017423237
15.192000000 -0.017385607
15.200000000 -0.017348023
15.208000000 -0.017310486
15.216000000 -0.017272995
15.224000000 -0.017235550
15.232000000 -0.017198151
15.240000000 -0.017160798
15.248000000 -0.017123491
15.256000000 -0.017086231
15.264000000 -0.017049016
15.272000000 -0.017011846
15.280000000 -0.016974723
15.288000000 -0.016937645
15.296000000 -0.016900613
15.304000000 -0.016863626
15.312000000 -0.016826685
15.320000000 -0.016789790
15.328000000 -0.016752940
15.336000000 -0.016716135
15.344000000 -0.016679375
15.352000000 -0.016642661
15.360000000 -0.016605991
15.368000000 -0.016569367
15.376000000 -0.016532788
15.384000000 -0.016496254
15.392000000 -0.016459765
15.400000000 -0.016423320
15.408000000 -0.016386921
15.416000000 -0.016350566
15.424000000 -0.016314256
15.432000000 -0.016277990
15.440000000 -0.016241769
15.448000000 -0.016205593
15.456000000 -0.016169461
15.464000000 -0.016133373
15.472000000 -0.016097330
15.480000000 -0.016061331
15.488000000 -0.016025376
15.496000000 -0.015989465
15.504000000 -0.015953599
15.512000000 -0.015917776
15.520000000 -0.015881998
15.528000000 -0.015846263
15.536000000 -0.015810573
15.544000000 -0.015774926
15.552000000 -0.015739323
15.560000000 -0.015703763
15.568000000 -0.015668248
15.576000000 -0.015632776
15.584000000 -0.015597347
15.592000000 -0.015561962
15.600000000 -0.015526621
15.608000000 -0.015491322
15.616000000 -0.015456067
15.624000000 -0.015420856
15.632000000 -0.015385687
15.640000000 -0.015350562
15.648000000 -0.015315480
15.656000000 -0.015280441
15.664000000 -0.015245445
15.672000000 -0.015210492
15.680000000 -0.015175582
15.688000000 -0.015140714
15.696000000 -0.015105890
15.704000000 -0.015071108
15.712000000 -0.015036368
15.720000000 -0.015001672
15.728000000 -0.014967018
15.736000000 -0.014932406
15.744000000 -0.014897837
15.752000000 -0.014863311
15.760000000 -0.014828826
15.768000000 -0.014794384
15.776000000 -0.014759985
15.784000000 -0.014725627
15.792000000 -0.014691312
15.800000000 -0.014657039
15.808000000 -0.014622807
15.816000000 -0.014588618
15.824000000 -0.014554471
15.832000000 -0.014520365
15.840000000 -0.014486302
15.848000000 -0.014452280
15.856000000 -0.014418300
15.864000000 -0.014384362
15.872000000 -0.014350465
15.880000000 -0.014316610
15.888000000 -0.014282796
15.896000000 -0.014249024
15.904000000 -0.014215293
15.912000000 -0.014181604
15.920000000 -0.014147956
15.928000000 -0.014114349
15.936000000 -0.014080784
15.944000000 -0.014047260
15.952000000 -0.014013776
15.960000000 -0.013980334
15.968000000 -0.013946933
15.976000000 -0.013913573
15.984000000 -0.013880254
15.992000000 -0.013846976
16.000000000 -0.013813739
16.008000000 -0.013780542
16.016000000 -0.013747386
16.024000000 -0.013714271
16.032000000 -0.013681197
16.040000000 -0.013648163
16.048000000 -0.013615170
16.056000000 -0.013582217
16.064000000 -0.013549304
16.072000000 -0.013516432
16.080000000 -0.013483601
16.088000000 -0.013450809
16.096000000 -0.013418058
16.104000000 -0.013385348
16.112000000 -0.013352677
16.120000000 -0.013320047
16.128000000 -0.013287456
16.136000000 -0.013254906
16.144000000 -0.013222396
16.152000000 -0.013189925
16.160000000 -0.013157495
16.168000000 -0.013125104
16.176000000 -0.013092753
16.184000000 -0.013060442
16.192000000 -0.013028171
16.200000000 -0.012995939
16.208000000 -0.012963747
16.216000000 -0.012931594
16.224000000 -0.012899481
16.232000000 -0.012867408
16.240000000 -0.012835374
16.248000000 -0.012803379
16.256000000 -0.012771424
16.264000000 -0.012739508
16.272000000 -0.012707632
16.280000000 -0.012675794
16.288000000 -0.012643996
16.296000000 -0.012612237
16.304000000 -0.012580517
16.312000000 -0.012548836
16.320000000 -0.012517195
16.328000000 -0.012485592
16.336000000 -0.012454028
16.344000000 -0.012422503
16.352000000 -0.012391017
16.360000000 -0.012359569
16.368000000 -0.012328161
16.376000000 -0.012296791
16.384000000 -0.012265460
16.392000000 -0.012234167
16.400000000 -0.012202913
16.408000000 -0.012171698
16.416000000 -0.012140521
16.424000000 -0.012109383
16.432000000 -0.012078283
16.440000000 -0.012047221
16.448000000 -0.012016198
16.456000000 -0.011985213
16.464000000 -0.011954267
16.472000000 -0.011923358
16.480000000 -0.011892488
16.488000000 -0.011861657
16.496000000 -0.011830863
16.504000000 -0.011800107
16.512000000 -0.011769389
16.520000000 -0.011738710
16.528000000 -0.011708068
16.536000000 -0.011677465
16.544000000 -0.011646899
16.552000000 -0.011616371
16.560000000 -0.011585881
16.568000000 -0.011555428
16.576000000 -0.011525014
16.584000000 -0.011494637
16.592000000 -0.011464298
16.600000000 -0.011433996
16.608000000 -0.011403733
16.616000000 -0.011373506
16.624000000 -0.011343317
16.632000000 -0.011313166
16.640000000 -0.011283052
16.648000000 -0.011252976
16.656000000 -0.011222937
16.664000000 -0.011192935
16.672000000 -0.011162971
16.680000000 -0.011133044
16.688000000 -0.011103154
16.696000000 -0.011073302
16.704000000 -0.011043486
16.712000000 -0.011013708
16.720000000 -0.010983967
16.728000000 -0.010954263
16.736000000 -0.010924596
16.744000000 -0.010894966
16.752000000 -0.010865374
16.760000000 -0.010835818
16.768000000 -0.010806299
16.776000000 -0.010776817
16.784000000 -0.010747371
16.792000000 -0.010717963
16.800000000 -0.010688591
16.808000000 -0.010659257
16.816000000 -0.010629959
16.824000000 -0.010600697
16.832000000 -0.010571473
16.840000000 -0.010542285
16.848000000 -0.010513133
16.856000000 -0.010484018
16.864000000 -0.010454940
16.872000000 -0.010425898
16.880000000 -0.010396893
16.888000000 -0.010367925
16.896000000 -0.010338992
16.904000000 -0.010310096
16.912000000 -0.010281237
16.920000000 -0.010252414
16.928000000 -0.010223627
16.936000000 -0.010194877
16.944000000 -0.010166163
16.952000000 -0.010137485
16.960000000 -0.010108843
16.968000000 -0.010080238
16.976000000 -0.010051669
16.984000000 -0.010023135
16.992000000 -0.009994638
17.000000000 -0.009966178
17.008000000 -0.009937753
17.016000000 -0.009909364
17.024000000 -0.009881011
17.032000000 -0.009852695
17.040000000 -0.009824414
17.048000000 -0.009796169
17.056000000 -0.009767961
17.064000000 -0.009739788
17.072000000 -0.009711651
17.080000000 -0.009683550
17.088000000 -0.009655484
17.096000000 -0.009627455
17.104000000 -0.009599461
17.112000000 -0.009571504
17.120000000 -0.009543582
17.128000000 -0.009515695
17.136000000 -0.009487845
17.144000000 -0.009460030
17.152000000 -0.009432251
17.160000000 -0.009404507
17.168000000 -0.009376799
17.176000000 -0.009349127
17.184000000 -0.009321490
17.192000000 -0.009293889
17.200000000 -0.009266324
17.208000000 -0.009238794
17.216000000 -0.009211300
17.224000000 -0.009183841
17.232000000 -0.009156418
17.240000000 -0.009129030
17.248000000 -0.009101677
17.256000000 -0.009074360
17.264000000 -0.009047079
17.272000000 -0.009019833
17.280000000 -0.008992623
17.288000000 -0.008965447
17.296000000 -0.008938308
17.304000000 -0.008911203
17.312000000 -0.008884134
17.320000000 -0.008857101
17.328000000 -0.008830102
17.336000000 -0.008803139
17.344000000 -0.008776212
17.352000000 -0.008749319
17.360000000 -0.008722462
17.368000000 -0.008695641
17.376000000 -0.008668854
17.384000000 -0.008642103
17.392000000 -0.008615387
17.400000000 -0.008588706
17.408000000 -0.008562061
17.416000000 -0.008535451
17.424000000 -0.008508876
17.432000000 -0.008482336
17.440000000 -0.008455832
17.448000000 -0.008429362
17.456000000 -0.008402928
17.464000000 -0.008376530
17.472000000 -0.008350166
17.480000000 -0.008323837
17.488000000 -0.008297544
17.496000000 -0.008271286
17.504000000 -0.008245063
17.512000000 -0.008218876
17.520000000 -0.008192723
17.528000000 -0.008166606
17.536000000 -0.008140524
17.544000000 -0.008114477
17.552000000 -0.008088465
17.560000000 -0.008062488
17.568000000 -0.008036547
17.576000000 -0.008010641
17.584000000 -0.007984770
17.592000000 -0.007958934
17.600000000 -0.007933133
17.608000000 -0.007907368
17.616000000 -0.007881638
17.624000000 -0.007855943
17.632000000 -0.007830283
17.640000000 -0.007804659
17.648000000 -0.007779069
17.656000000 -0.007753515
17.664000000 -0.007727996
17.672000000 -0.007702513
17.680000000 -0.007677065
17.688000000 -0.007651652
17.696000000 -0.007626274
17.704000000 -0.007600931
17.712000000 -0.007575624
17.720000000 -0.007550353
17.728000000 -0.007525116
17.736000000 -0.007499915
17.744000000 -0.007474749
17.752000000 -0.007449619
17.760000000 -0.007424524
17.768000000 -0.007399464
17.776000000 -0.007374440
17.784000000 -0.007349451
17.792000000 -0.007324498
17.800000000 -0.007299580
17.808000000 -0.007274698
17.816000000 -0.007249851
17.824000000 -0.007225040
17.832000000 -0.007200265
17.840000000 -0.007175525
17.848000000 -0.007150820
17.856000000 -0.007126151
17.864000000 -0.007101518
17.872000000 -0.007076921
17.880000000 -0.007052359
17.888000000 -0.007027833
17.896000000 -0.007003343
17.904000000 -0.006978889
17.912000000 -0.006954470
17.920000000 -0.006930087
17.928000000 -0.006905741
17.936000000 -0.006881430
17.944000000 -0.006857155
17.952000000 -0.006832916
17.960000000 -0.006808713
17.968000000 -0.006784546
17.976000000 -0.006760415
17.984000000 -0.006736321
17.992000000 -0.006712262
18.000000000 -0.006688240
18.008000000 -0.006664254
18.016000000 -0.006640304
18.024000000 -0.006616391
18.032000000 -0.006592514
18.040000000 -0.006568673
18.048000000 -0.006544869
18.056000000 -0.006521102
18.064000000 -0.006497371
18.072000000 -0.006473677
18.080000000 -0.006450019
18.088000000 -0.006426398
18.096000000 -0.006402814
18.104000000 -0.006379266
18.112000000 -0.006355756
18.120000000 -0.006332282
18.128000000 -0.006308846
18.136000000 -0.006285446
18.144000000 -0.006262084
18.152000000 -0.006238759
18.160000000 -0.006215471
18.168000000 -0.006192220
18.176000000 -0.006169007
18.184000000 -0.006145831
18.192000000 -0.006122692
18.200000000 -0.006099592
18.208000000 -0.006076528
18.216000000 -0.006053503
18.224000000 -0.006030515
18.232000000 -0.006007565
18.240000000 -0.005984653
18.248000000 -0.005961779
18.256000000 -0.005938943
18.264000000 -0.005916145
18.272000000 -0.005893386
18.280000000 -0.005870665
18.288000000 -0.005847982
18.296000000 -0.005825337
18.304000000 -0.005802732
18.312000000 -0.005780165
18.320000000 -0.005757636
18.328000000 -0.005735147
18.336000000 -0.005712696
18.344000000 -0.005690284
18.352000000 -0.005667912
18.360000000 -0.005645579
18.368000000 -0.005623285
18.376000000 -0.005601030
18.384000000 -0.005578815
18.392000000 -0.005556640
18.400000000 -0.005534504
18.408000000 -0.005512408
18.416000000 -0.005490352
18.424000000 -0.005468336
18.432000000 -0.005446361
18.440000000 -0.005424425
18.448000000 -0.005402530
18.456000000 -0.005380676
18.464000000 -0.005358862
18.472000000 -0.005337089
18.480000000 -0.005315357
18.488000000 -0.005293666
18.496000000 -0.005272016
18.504000000 -0.005250407
18.512000000 -0.005228840
18.520000000 -0.005207314
18.528000000 -0.005185830
18.536000000 -0.005164388
18.544000000 -0.005142988
18.552000000 -0.005121630
18.560000000 -0.005100314
18.568000000 -0.005079041
18.576000000 -0.005057810
18.584000000 -0.005036622
18.592000000 -0.005015477
18.600000000 -0.004994374
18.608000000 -0.004973315
18.616000000 -0.004952300
18.624000000 -0.004931328
18.632000000 -0.004910399
18.640000000 -0.004889515
18.648000000 -0.004868674
18.656000000 -0.004847878
18.664000000 -0.004827126
18.672000000 -0.004806418
18.680000000 -0.004785756
18.688000000 -0.004765138
18.696000000 -0.004744566
18.704000000 -0.004724038
18.712000000 -0.004703557
18.720000000 -0.004683121
18.728000000 -0.004662731
18.736000000 -0.004642387
18.744000000 -0.004622089
18.752000000 -0.004601838
18.760000000 -0.004581634
18.768000000 -0.004561476
18.776000000 -0.004541366
18.784000000 -0.004521303
18.792000000 -0.004501288
18.800000000 -0.004481321
18.808000000 -0.004461402
18.816000000 -0.004441531
18.824000000 -0.004421709
18.832000000 -0.004401935
18.840000000 -0.004382211
18.848000000 -0.004362535
18.856000000 -0.004342910
18.864000000 -0.004323334
18.872000000 -0.004303808
18.880000000 -0.004284332
18.888000000 -0.004264907
18.896000000 -0.004245533
18.904000000 -0.004226210
18.912000000 -0.004206939
18.920000000 -0.004187719
18.928000000 -0.004168550
18.936000000 -0.004149435
18.944000000 -0.004130371
18.952000000 -0.004111361
18.960000000 -0.004092403
18.968000000 -0.004073499
18.976000000 -0.004054649
18.984000000 -0.004035852
18.992000000 -0.004017110
19.000000000 -0.003998422
19.008000000 -0.003979790
19.016000000 -0.003961212
19.024000000 -0.003942690
19.032000000 -0.003924224
19.040000000 -0.003905815
19.048000000 -0.003887461
19.056000000 -0.003869165
19.064000000 -0.003850926
19.072000000 -0.003832744
19.080000000 -0.003814621
19.088000000 -0.003796555
19.096000000 -0.003778549
19.104000000 -0.003760601
19.112000000 -0.003742712
19.120000000 -0.003724884
19.128000000 -0.003707115
19.136000000 -0.003689407
19.144000000 -0.003671759
19.152000000 -0.003654173
19.160000000 -0.003636648
19.168000000 -0.003619185
19.176000000 -0.003601785
19.184000000 -0.003584447
19.192000000 -0.003567172
19.200000000 -0.003549961
19.208000000 -0.003532814
19.216000000 -0.003515731
19.224000000 -0.003498712
19.232000000 -0.003481759
19.240000000 -0.003464871
19.248000000 -0.003448050
19.256000000 -0.003431294
19.264000000 -0.003414605
19.272000000 -0.003397984
19.280000000 -0.003381430
19.288000000 -0.003364944
19.296000000 -0.003348526
19.304000000 -0.003332178
19.312000000 -0.003315898
19.320000000 -0.003299689
19.328000000 -0.003283549
19.336000000 -0.003267480
19.344000000 -0.003251482
19.352000000 -0.003235556
19.360000000 -0.003219701
19.368000000 -0.003203919
19.376000000 -0.003188209
19.384000000 -0.003172572
19.392000000 -0.003157009
19.400000000 -0.003141520
19.408000000 -0.003126106
19.416000000 -0.003110766
19.424000000 -0.003095502
19.432000000 -0.003080314
19.440000000 -0.003065201
19.448000000 -0.003050165
19.456000000 -0.003035207
19.464000000 -0.003020325
19.472000000 -0.003005522
19.480000000 -0.002990797
19.488000000 -0.002976150
19.496000000 -0.002961583
19.504000000 -0.002947095
19.512000000 -0.002932688
19.520000000 -0.002918360
19.528000000 -0.002904113
19.536000000 -0.002889948
19.544000000 -0.002875864
19.552000000 -0.002861861
19.560000000 -0.002847941
19.568000000 -0.002834104
19.576000000 -0.002820350
19.584000000 -0.002806679
19.592000000 -0.002793092
19.600000000 -0.002779589
19.608000000 -0.002766170
19.616000000 -0.002752836
19.624000000 -0.002739587
19.632000000 -0.002726423
19.640000000 -0.002713346
19.648000000 -0.002700354
19.656000000 -0.002687448
19.664000000 -0.002674629
19.672000000 -0.002661897
19.680000000 -0.002649252
19.688000000 -0.002636695
19.696000000 -0.002624225
19.704000000 -0.002611842
19.712000000 -0.002599548
19.720000000 -0.002587342
19.728000000 -0.002575225
19.736000000 -0.002563196
19.744000000 -0.002551255
19.752000000 -0.002539404
19.760000000 -0.002527642
19.768000000 -0.002515969
19.776000000 -0.002504386
19.784000000 -0.002492892
19.792000000 -0.002481487
19.800000000 -0.002470172
19.808000000 -0.002458947
19.816000000 -0.002447811
19.824000000 -0.002436765
19.832000000 -0.002425809
19.840000000 -0.002414942
19.848000000 -0.002404166
19.856000000 -0.002393479
19.864000000 -0.002382882
19.872000000 -0.002372374
19.880000000 -0.002361956
19.888000000 -0.002351627
19.896000000 -0.002341388
19.904000000 -0.002331237
19.912000000 -0.002321176
19.920000000 -0.002311204
19.928000000 -0.002301321
19.936000000 -0.002291526
19.944000000 -0.002281819
19.952000000 -0.002272201
19.960000000 -0.002262670
19.968000000 -0.002253227
19.976000000 -0.002243871
19.984000000 -0.002234603
19.992000000 -0.002225421
20.000000000 -0.002216326
